Position1	Position2	Position3	count_AAA	count_AAT	count_AAG	count_AAC	count_ATA	count_ATT	count_ATG	count_ATC	count_AGA	count_AGT	count_AGG	count_AGC	count_ACA	count_ACT	count_ACG	count_ACC	count_TAA	count_TAT	count_TAG	count_TAC	count_TTA	count_TTT	count_TTG	count_TTC	count_TGA	count_TGT	count_TGG	count_TGC	count_TCA	count_TCT	count_TCG	count_TCC	count_GAA	count_GAT	count_GAG	count_GAC	count_GTA	count_GTT	count_GTG	count_GTC	count_GGA	count_GGT	count_GGG	count_GGC	count_GCA	count_GCT	count_GCG	count_GCC	count_CAA	count_CAT	count_CAG	count_CAC	count_CTA	count_CTT	count_CTG	count_CTC	count_CGA	count_CGT	count_CGG	count_CGC	count_CCA	count_CCT	count_CCG	count_CCC
10766895	10766948	10767078	0	0	0	0	0	28	0	4	0	0	0	0	0	1	0	1	0	0	0	0	0	0	0	0	0	0	0	1	5	2	2	67	0	0	0	0	0	0	0	0	0	0	0	0	0	0	0	0	0	0	0	0	0	0	0	0	0	0	0	0	0	0	0	1
10766948	10767078	10767310	0	0	0	0	0	0	0	0	0	0	0	0	0	0	0	0	0	0	0	0	0	0	0	29	0	0	0	0	0	0	0	4	0	0	0	0	0	0	0	0	0	0	0	0	0	1	0	0	1	4	0	0	0	1	0	2	0	1	0	0	0	63	0	2
10767078	10767310	10767465	1	0	0	0	4	0	0	0	0	0	0	0	0	0	0	0	0	0	0	0	1	0	0	0	0	0	0	0	6	0	26	0	0	0	0	0	1	0	0	0	0	0	0	0	0	0	0	0	0	0	0	0	67	0	0	0	0	0	0	0	2	0	4	0
10767310	10767465	10768208	1	0	0	0	0	0	0	0	0	0	0	0	0	0	0	0	48	0	11	0	0	0	0	0	0	0	0	0	0	0	0	0	0	0	0	0	0	0	0	0	0	0	0	0	0	0	0	0	1	0	4	0	0	0	0	0	0	0	29	0	0	0	0	0
10767465	10768208	10768636	0	51	0	1	0	0	0	0	0	10	0	4	0	0	0	0	0	0	0	0	0	0	0	0	0	0	0	0	0	0	0	0	0	0	0	0	0	0	0	0	1	1	0	25	0	0	0	0	0	0	0	0	0	0	0	0	0	0	0	0	0	0	0	0
10768208	10768636	10768808	0	0	0	0	1	47	2	1	0	0	0	0	0	0	1	0	0	0	0	0	0	0	0	0	0	0	0	0	0	0	0	0	0	0	1	0	0	11	1	0	0	0	0	0	0	2	29	0	0	0	0	0	0	0	0	0	0	0	0	0	0	0	0	0
10768636	10768808	10768891	0	0	0	0	0	0	0	1	1	0	0	0	0	0	0	0	0	0	0	1	0	2	0	72	0	0	0	4	0	0	0	1	0	0	0	0	0	0	0	0	0	0	0	0	0	0	0	0	0	0	0	0	2	0	0	0	24	0	0	0	0	0	0	0
10768808	10768891	10768939	0	0	0	0	0	0	0	0	0	0	0	0	1	0	0	0	0	2	0	0	2	0	0	0	0	0	0	0	71	0	1	0	1	22	0	0	0	0	0	0	0	0	0	0	5	0	0	0	0	0	0	0	0	0	0	0	0	0	0	0	1	0	0	0
10768891	10768939	10769055	0	1	0	0	1	24	0	0	0	0	0	0	0	0	0	0	0	0	0	2	0	0	0	0	0	0	0	0	0	0	0	0	0	0	0	0	0	0	0	0	0	0	0	0	0	0	0	0	1	22	1	49	0	0	0	0	0	0	0	0	0	0	0	0
10768939	10769055	10769188	0	1	0	0	0	18	0	3	0	0	0	1	1	43	0	2	0	0	0	1	0	2	1	25	0	0	0	0	0	0	0	0	0	0	0	0	0	0	0	0	0	0	0	0	0	0	0	0	0	0	0	0	0	0	0	1	0	0	0	0	0	0	0	0
10769055	10769188	10769279	1	0	0	0	0	0	1	0	0	0	0	0	1	0	0	0	0	0	0	0	2	0	18	0	1	0	0	0	28	0	3	1	0	0	0	0	0	0	0	0	0	0	0	0	0	0	1	0	0	0	1	0	1	1	42	0	0	0	0	0	0	0	2	0
10769188	10769279	10769309	0	0	0	1	0	0	0	0	0	1	0	0	0	0	0	0	0	2	0	1	0	0	0	0	0	58	0	5	0	0	0	0	0	0	0	1	0	0	0	0	0	0	0	0	0	0	0	0	0	0	0	31	0	0	0	0	0	5	0	1	0	0	0	1
10769279	10769309	10769457	0	0	0	0	0	2	0	0	0	0	0	0	0	37	0	0	0	0	0	0	0	0	0	0	0	0	0	0	0	0	0	0	0	0	0	0	4	9	5	48	0	0	0	0	0	5	0	1	0	0	0	0	0	0	0	1	0	0	0	0	0	1	0	0
10769309	10769457	10769533	0	0	0	0	0	0	0	0	0	0	0	0	0	0	0	0	0	0	4	0	0	0	11	1	0	0	5	0	1	0	45	2	0	0	0	0	0	0	0	0	0	0	0	0	0	0	0	0	0	0	0	0	0	3	4	36	0	0	0	0	0	0	1	0
10769457	10769533	10769614	1	0	0	0	0	0	0	0	4	0	0	0	0	0	0	0	0	0	0	0	1	0	2	0	11	1	2	0	3	0	27	1	0	0	0	0	0	0	0	0	5	0	0	0	0	0	0	0	1	0	0	0	0	0	0	0	45	0	4	1	2	0	0	0
10769533	10769614	10769678	0	0	0	1	0	0	0	0	0	0	0	0	0	0	0	0	0	1	0	0	0	0	0	0	0	0	0	2	0	0	0	0	0	65	0	0	0	1	0	0	0	4	1	1	0	1	0	0	0	1	0	3	0	0	0	0	0	0	0	27	0	0	0	1
10769614	10769678	10769720	0	0	0	0	0	5	56	0	0	0	0	0	0	4	0	0	0	0	0	0	0	1	0	0	0	0	0	0	0	0	0	0	0	0	0	0	0	0	3	0	0	0	0	1	0	26	1	1	0	0	0	0	0	1	0	0	0	0	0	0	0	1	0	0
10769678	10769720	10770325	0	0	0	0	0	0	0	0	0	0	0	0	0	0	0	0	0	0	0	0	0	0	1	5	1	3	2	48	0	0	0	0	0	0	0	0	0	0	0	0	0	0	0	0	0	0	0	1	0	0	0	0	3	1	27	2	0	0	0	1	0	0	1	0
10769720	10770325	10770334	0	0	0	0	0	0	0	0	0	0	0	0	0	0	0	0	1	0	2	0	0	0	1	0	2	1	24	1	0	0	1	6	0	0	0	1	0	0	1	1	0	0	0	1	1	1	3	47	0	0	0	0	0	0	0	0	0	0	1	0	0	0	0	1
10770325	10770334	10770335	0	0	1	0	0	0	0	0	0	0	2	0	1	0	0	0	0	0	0	0	0	0	0	0	0	0	1	1	1	0	0	0	0	0	2	0	0	0	1	0	0	0	31	0	2	0	0	0	1	0	0	0	2	0	0	0	0	1	1	3	56	1	0	0
10770334	10770335	10770361	0	0	0	1	0	0	0	0	0	4	0	0	0	0	0	0	0	0	0	2	0	0	0	0	0	1	0	0	0	0	0	0	0	0	0	0	0	0	0	1	0	38	0	0	0	0	0	4	2	3	0	57	0	0	0	1	0	0	0	0	0	0	0	0
10770335	10770361	10770415	2	0	0	0	3	0	0	0	0	0	0	0	60	0	0	0	0	0	0	0	0	0	0	0	0	0	0	0	1	0	1	0	0	0	0	0	7	5	24	0	0	0	0	0	0	0	0	0	0	0	0	0	0	0	0	0	0	0	0	0	4	0	0	0
10770361	10770415	10770503	2	0	0	0	0	0	0	0	0	0	0	0	0	0	0	0	3	0	7	0	0	0	5	0	2	0	19	0	0	0	0	0	0	0	0	0	0	0	0	0	0	0	0	0	0	0	0	0	60	0	1	2	0	0	0	0	1	0	0	0	0	0	0	0
10770415	10770503	10770640	3	4	0	57	0	0	0	0	7	0	0	1	0	1	0	1	0	0	0	0	0	0	0	0	4	0	0	0	0	0	0	0	2	0	0	0	0	0	0	0	18	0	0	0	0	0	0	0	0	0	0	0	0	0	0	0	0	0	0	0	0	0	0	0
10770503	10770640	10770678	2	0	3	0	0	0	3	0	0	0	0	0	2	0	54	1	0	0	0	0	0	0	0	0	0	0	0	0	0	0	0	0	33	0	0	0	0	0	0	0	0	0	0	0	0	0	0	0	0	0	0	0	0	1	0	0	0	0	0	0	0	0	1	0
10770640	10770678	10770691	0	0	34	0	0	0	0	0	2	0	0	0	0	0	0	0	0	0	0	0	1	0	0	0	2	0	1	0	0	0	0	0	0	0	0	0	0	0	0	0	0	0	0	0	0	0	0	0	3	0	0	0	0	0	1	0	48	0	5	0	1	0	0	0
10770678	10770691	10770733	1	0	0	3	0	0	0	0	36	0	0	0	0	0	0	0	1	0	0	0	0	0	0	0	0	0	0	1	0	0	0	0	2	0	0	53	0	0	0	0	1	0	0	5	0	0	0	0	0	0	0	1	0	0	0	0	0	0	0	0	0	0	0	0
10770691	10770733	10771725	0	1	0	4	0	0	0	0	0	0	0	0	1	4	0	53	0	0	0	0	0	0	0	0	0	0	0	0	0	0	0	0	0	35	0	1	0	0	0	0	0	0	0	0	0	0	0	6	0	0	0	0	0	0	0	0	0	0	0	0	0	0	0	0
10770733	10771725	10771851	0	0	0	0	35	0	3	1	0	0	0	0	0	0	6	0	0	0	0	0	0	0	0	0	0	0	0	0	0	0	0	0	0	0	0	0	0	0	0	0	0	0	0	0	0	0	0	0	0	0	1	0	0	0	4	0	0	0	0	0	1	0	59	1
10771725	10771851	10771899	0	0	0	0	0	0	0	0	0	0	0	1	0	0	0	0	1	33	1	1	0	0	0	0	0	4	0	2	0	1	0	0	0	0	0	0	0	0	0	0	0	0	0	0	0	0	0	0	0	1	0	0	0	0	0	0	2	12	1	43	0	0	0	1
10771851	10771899	10771962	1	0	0	0	34	0	1	0	1	0	0	0	1	0	0	0	0	0	0	0	0	0	0	0	0	0	0	0	0	0	0	0	0	0	0	2	3	1	3	8	0	0	0	1	3	2	4	35	0	0	0	0	1	0	0	0	0	0	0	0	0	0	0	1
10771899	10771962	10771984	0	0	2	0	0	0	0	0	0	0	0	0	0	2	0	0	1	0	37	0	0	1	0	0	0	3	1	0	0	7	1	0	0	0	1	0	0	0	0	0	0	0	0	0	0	1	0	0	0	3	1	0	0	2	0	0	0	4	0	0	0	34	1	0
10771962	10771984	10772043	1	0	0	0	0	0	8	0	43	0	2	0	0	0	0	0	0	0	0	0	1	0	2	0	0	0	0	0	0	0	0	0	0	0	0	0	0	0	7	0	1	0	0	0	0	0	0	0	0	0	0	0	4	0	39	0	1	0	2	0	0	0	0	0
10771984	10772043	10772208	0	0	0	0	0	0	0	0	0	0	0	0	0	0	0	0	0	4	0	0	0	0	0	0	0	53	2	2	0	0	0	0	0	2	0	41	0	0	0	0	0	3	0	1	0	0	0	0	0	0	0	0	0	0	0	0	0	0	0	0	0	0	0	0
10772043	10772208	10772239	0	0	0	0	4	0	2	0	0	0	0	0	2	0	37	0	0	0	0	0	0	0	0	0	0	0	0	0	0	0	0	0	0	0	0	0	58	0	0	0	2	0	0	0	1	0	1	1	0	0	0	0	0	0	0	0	0	0	0	0	0	0	0	0
10772208	10772239	10774030	0	0	0	0	0	0	0	0	0	0	0	0	0	0	0	0	0	60	0	1	0	0	0	0	0	1	0	1	0	0	0	0	0	3	0	0	0	0	0	0	0	0	0	0	0	0	0	0	0	1	0	2	0	0	0	0	1	3	0	31	0	1	0	0
10772239	10774030	10774099	0	0	0	0	9	1	0	58	0	0	0	0	0	2	0	1	0	0	0	0	0	0	0	0	0	0	0	0	0	0	0	0	0	0	0	0	0	3	0	1	0	0	0	0	0	33	0	2	0	0	0	0	0	0	0	1	0	0	0	0	0	0	0	0
10774030	10774099	10775673	0	0	0	0	0	0	0	0	0	0	0	0	0	0	0	0	1	0	8	0	5	0	1	1	0	0	1	0	1	0	51	0	0	0	0	0	0	0	0	0	0	0	0	0	0	0	0	0	0	0	0	0	37	0	2	0	0	0	0	0	2	0	1	0
10774099	10775673	10775850	0	0	0	1	0	0	0	0	0	0	0	7	0	0	0	0	0	43	0	0	0	0	0	0	0	2	0	1	0	0	0	1	0	0	0	0	0	0	0	0	0	0	0	1	0	0	0	0	0	2	0	1	0	0	0	0	0	3	0	49	0	0	0	0
10775673	10775850	10776360	0	0	0	0	1	1	35	2	0	0	0	0	0	0	0	2	0	0	0	0	0	0	0	0	0	0	0	0	0	0	0	0	0	0	0	0	0	1	2	3	0	0	0	0	0	0	0	58	0	0	0	0	0	0	0	0	0	0	0	0	0	0	0	1
10775850	10776360	10776624	0	0	0	0	0	0	0	0	0	0	0	0	0	0	0	0	1	0	0	0	1	1	0	0	39	0	0	0	2	4	0	0	0	0	0	0	0	0	0	0	0	0	0	0	0	0	0	0	0	0	0	0	0	1	0	0	0	0	0	0	2	56	0	1
10776360	10776624	10777538	0	2	0	0	0	0	0	0	0	0	0	0	0	0	0	0	0	0	0	1	1	0	0	0	0	0	0	0	0	0	0	0	4	38	0	0	0	0	0	0	0	0	0	0	0	0	0	0	3	2	0	0	57	0	1	0	0	0	0	0	1	0	0	0
10776624	10777538	10777916	4	0	0	2	50	0	0	1	0	0	0	0	1	0	0	0	5	0	1	40	0	0	0	0	0	0	0	1	0	0	0	0	0	0	0	0	0	0	0	0	0	0	0	0	0	0	0	0	1	0	0	0	0	0	0	0	0	0	0	0	0	0	0	0
10777538	10777916	10778242	0	6	6	0	0	0	0	0	0	0	1	0	2	0	28	0	0	51	0	0	0	0	0	0	0	0	0	0	0	1	0	0	0	0	0	0	0	0	0	0	0	0	0	0	0	0	1	0	0	1	0	0	0	0	0	0	0	0	0	0	0	0	0	0
10777916	10778242	10778715	0	0	0	0	2	0	0	57	6	0	0	0	0	0	0	0	0	0	0	0	0	0	0	0	0	0	0	0	0	0	0	0	0	0	0	0	0	0	0	0	1	0	0	0	0	0	0	0	2	0	0	0	1	0	0	0	28	0	0	1	0	0	0	0
10778242	10778715	10778929	2	0	0	0	0	0	0	0	0	0	0	0	0	0	0	0	2	0	0	0	0	0	0	0	0	0	0	0	59	0	0	0	5	0	28	0	0	0	0	0	0	0	0	0	0	0	1	0	0	0	0	0	0	0	0	0	0	0	0	0	0	0	0	0
10778715	10778929	10778942	7	0	3	0	0	0	0	0	31	0	9	0	0	0	0	0	0	0	0	0	0	0	0	0	0	0	0	0	0	0	0	0	0	0	0	0	0	0	0	0	0	0	0	0	0	0	0	0	3	0	57	0	0	0	0	0	1	0	1	0	0	0	0	0
10778929	10778942	10778961	3	0	6	0	0	0	0	0	56	0	5	1	0	0	0	0	0	0	0	0	0	0	0	0	0	0	0	0	0	0	0	0	1	0	27	0	0	0	1	0	0	0	9	0	0	0	0	0	0	0	0	0	0	0	0	0	0	0	0	0	0	0	0	0
10778942	10778961	10779040	0	2	0	2	0	0	0	0	1	0	0	39	0	0	0	0	0	0	0	0	0	0	0	0	0	0	0	1	0	0	0	0	0	56	0	0	0	0	0	0	0	2	0	12	0	1	0	0	0	0	0	0	0	0	0	0	0	0	0	0	0	0	0	0
10778961	10779040	10779053	0	0	0	0	1	1	59	0	0	0	0	0	1	0	1	0	0	0	0	0	0	0	0	0	0	0	0	0	0	0	0	0	1	0	0	0	0	0	2	0	0	0	0	0	49	0	3	0	0	0	0	0	0	0	1	0	0	0	0	0	0	0	0	0
10779040	10779053	10779174	0	1	0	0	0	0	0	0	0	0	0	0	0	0	0	0	0	1	1	0	0	1	0	0	3	10	49	0	0	0	0	0	0	0	0	0	0	0	0	0	0	0	0	0	0	0	0	0	0	54	1	0	0	0	0	0	0	4	0	0	0	0	0	0
10779053	10779174	10779640	0	1	0	0	2	52	1	0	0	1	0	1	0	0	0	0	0	0	0	0	0	0	0	1	0	0	0	0	0	0	0	0	0	0	0	3	1	7	0	7	0	2	0	45	0	0	0	0	0	0	0	0	0	0	0	0	0	0	0	0	0	0	0	0
10779174	10779640	10779678	0	0	0	0	0	0	0	1	0	0	0	0	0	3	0	0	0	0	0	3	1	12	0	47	0	0	0	1	0	8	0	0	0	0	0	0	1	2	0	0	0	0	0	0	0	44	0	0	0	0	0	0	0	0	0	0	0	0	0	0	0	0	0	0
10779640	10779678	10779705	0	0	0	0	0	0	0	0	0	0	0	0	1	0	2	0	0	0	1	0	5	0	11	0	0	0	0	0	0	0	48	1	0	0	0	0	0	0	0	0	0	0	0	0	0	0	1	0	0	0	0	0	58	0	0	0	0	0	0	0	0	0	0	0
10779678	10779705	10779724	0	0	0	0	0	0	0	0	1	0	0	0	0	0	0	0	1	0	66	0	0	0	0	0	12	0	0	0	0	0	0	0	0	0	0	0	0	0	0	0	0	0	0	0	0	0	0	0	1	0	0	0	0	0	0	0	53	0	0	0	1	0	0	0
10779705	10779724	10779727	1	0	1	0	0	0	0	0	0	0	67	0	0	0	0	0	0	0	0	0	0	0	0	0	0	0	0	0	0	0	0	0	63	0	3	0	0	0	0	0	0	0	0	0	0	0	0	0	1	0	0	0	0	0	0	0	0	0	0	0	0	0	0	0
10779724	10779727	10779908	63	1	0	0	0	0	0	0	3	0	1	0	0	0	0	0	0	0	0	0	0	0	0	0	0	0	0	0	0	0	0	0	0	0	0	0	0	0	0	0	19	0	43	0	0	0	0	0	0	0	0	0	0	0	0	0	0	0	0	0	0	0	0	0
10779727	10779908	10779910	58	1	1	0	0	0	1	0	0	0	0	0	0	0	0	0	0	0	0	0	0	0	0	0	0	0	0	0	0	0	0	0	2	1	17	1	0	0	0	0	2	0	41	0	0	0	0	0	0	0	0	0	0	0	0	0	0	0	0	0	0	0	0	0
10779908	10779910	10779995	62	0	0	1	1	0	0	1	1	0	0	17	0	0	0	1	0	0	0	0	0	0	0	0	1	0	0	0	0	0	0	0	0	0	0	2	0	0	0	0	0	2	0	39	0	0	0	0	0	0	0	0	0	0	0	0	0	0	0	0	0	0	0	0
10779910	10779995	10780072	0	0	56	5	0	0	0	0	0	0	0	0	0	0	0	3	0	0	1	0	0	0	0	0	0	0	0	0	0	0	0	1	0	0	2	0	0	0	0	2	0	0	0	0	0	0	0	60	0	0	0	0	0	0	0	0	0	0	0	0	0	0	0	1
10779995	10780072	10780117	0	0	0	0	0	0	0	0	0	58	0	3	0	5	0	0	0	0	0	0	0	0	0	0	0	1	0	0	0	0	0	2	0	0	0	0	0	0	0	0	0	0	0	0	0	0	0	0	0	0	0	0	0	0	0	0	0	0	0	0	0	2	0	61
10780072	10780117	10780763	0	0	0	0	0	0	0	0	0	0	0	0	0	0	0	0	0	0	0	0	0	0	0	0	0	0	0	0	0	0	0	0	0	0	0	0	56	0	0	0	0	0	0	0	3	0	0	0	0	0	0	0	5	1	0	0	0	0	0	0	3	51	0	2
10780117	10780763	10780767	0	0	0	0	0	0	0	0	0	0	0	0	0	0	0	0	61	0	1	0	0	0	2	0	0	0	0	0	0	0	0	0	0	0	0	0	0	0	0	0	0	0	0	0	0	0	0	0	4	0	2	0	0	1	49	0	0	0	0	0	0	0	2	0
10780763	10780767	10781066	0	1	68	0	0	0	0	0	0	1	1	0	0	0	0	0	0	0	0	0	0	1	0	0	0	34	2	0	0	0	0	0	0	0	0	0	0	0	0	0	0	0	0	0	0	0	0	0	0	0	0	0	0	0	0	0	0	1	0	0	0	0	0	0
10780767	10781066	10781363	0	0	0	0	2	0	0	0	1	0	67	0	0	0	0	0	0	0	0	0	1	0	0	0	0	0	0	0	0	0	0	0	0	0	0	0	30	0	3	2	1	0	2	0	0	0	0	0	0	0	0	0	0	0	0	0	0	0	0	0	0	0	0	0
10781066	10781363	10781514	0	0	0	0	0	0	0	0	0	0	0	0	0	0	0	0	31	0	4	0	0	0	0	0	3	0	0	0	2	0	0	0	2	0	0	0	0	0	0	0	4	0	61	0	0	0	0	0	0	0	0	0	0	0	0	0	0	0	0	0	0	0	0	0
10781363	10781514	10781549	0	1	0	48	0	0	0	0	0	0	0	4	0	0	0	1	0	0	0	0	0	0	0	0	0	0	0	0	0	0	0	0	0	1	0	3	0	0	0	0	0	13	0	5	0	0	0	0	0	0	0	3	0	0	0	0	0	0	0	0	0	0	0	0
10781514	10781549	10781558	0	0	0	0	1	0	0	0	0	0	0	0	4	2	0	42	0	0	0	0	0	0	0	0	0	0	0	0	0	0	0	0	0	0	0	0	13	0	0	0	0	0	0	0	5	0	0	2	0	0	0	0	0	0	0	0	0	0	0	0	0	0	0	1
10781549	10781558	10781575	0	0	0	0	0	0	0	0	0	0	0	0	0	0	0	0	16	0	0	0	0	0	0	0	0	0	0	0	0	0	0	0	0	0	0	0	0	0	0	0	0	0	0	0	0	0	0	0	8	0	2	0	0	0	2	0	0	0	0	0	3	1	37	1
10781558	10781575	10781854	0	51	0	2	0	0	0	0	0	2	0	1	0	0	0	0	0	0	0	0	0	1	0	0	0	0	0	2	0	0	0	0	0	0	0	0	0	0	0	0	0	0	0	0	0	0	0	0	0	2	0	1	0	0	0	1	0	6	0	30	0	0	0	0
10781575	10781854	10781921	0	0	0	0	1	4	45	0	0	0	0	0	1	2	0	0	0	0	0	0	0	1	0	0	0	0	0	0	0	0	0	1	0	0	0	0	0	6	1	1	0	0	0	0	0	36	0	3	0	0	0	0	0	0	0	0	0	0	0	0	0	0	0	0
10781854	10781921	10781952	0	0	0	0	0	0	0	0	0	0	0	0	0	0	0	0	0	1	0	0	0	3	1	9	1	48	0	1	0	0	0	1	0	0	0	0	0	0	0	0	0	0	0	0	0	0	0	0	0	0	0	1	1	3	0	40	0	0	0	0	0	0	0	4
10781921	10781952	10782376	0	0	0	0	0	0	0	0	0	0	0	0	0	1	0	0	0	1	0	0	1	3	0	1	0	0	0	1	1	47	1	1	0	0	0	1	2	9	0	44	0	0	0	0	0	1	0	0	0	0	0	0	0	0	0	0	0	0	0	0	0	5	0	0
10781952	10782376	10783390	0	0	0	0	0	2	0	0	0	0	0	0	0	0	0	0	0	0	0	3	0	3	0	8	0	0	0	0	1	3	0	37	0	0	0	0	0	0	0	0	0	0	0	0	0	1	0	0	0	1	0	0	0	54	0	0	0	1	0	0	0	1	0	0
10782376	10783390	10783423	0	0	0	0	0	0	0	1	0	0	0	0	0	2	0	0	0	0	0	0	0	4	2	53	0	0	0	0	0	5	0	1	0	0	0	0	0	0	0	1	0	0	0	0	0	0	0	0	0	1	0	0	0	3	0	2	0	0	0	0	0	35	0	0
10783390	10783423	10783732	0	0	0	0	0	0	0	0	0	0	0	0	0	0	0	0	0	0	0	0	0	3	0	2	0	0	0	2	3	0	0	53	0	0	0	0	0	0	0	0	0	0	0	0	0	0	0	0	0	0	0	0	1	45	0	1	0	0	0	1	0	1	0	0
10783423	10783732	10784065	0	0	0	0	0	0	0	0	0	0	0	0	0	0	0	0	0	0	0	1	0	3	0	40	0	0	0	0	0	1	0	2	0	0	0	0	0	0	0	0	0	0	0	0	0	3	0	0	0	3	0	0	0	0	0	0	0	0	0	0	0	49	0	0
10783732	10784065	10784363	0	0	0	0	3	0	0	0	0	0	0	0	0	0	1	0	0	0	0	0	2	0	2	0	0	0	0	0	1	2	41	0	0	0	0	0	0	0	0	0	0	0	0	0	0	0	0	0	0	0	0	0	52	0	2	0	0	0	0	0	2	0	0	0
10784065	10784363	10784662	0	0	0	0	0	0	0	0	0	0	0	0	0	0	0	0	0	1	0	58	0	0	0	0	0	2	0	2	0	0	0	0	0	0	0	0	0	0	0	0	0	0	0	0	0	0	0	0	0	2	0	0	0	2	0	0	0	40	0	4	0	0	0	0
10784363	10784662	10785923	1	0	0	0	0	0	2	0	0	0	0	0	49	0	6	0	0	0	0	0	0	0	2	0	0	0	0	0	0	0	0	0	0	0	0	0	3	0	45	0	0	0	0	0	0	0	5	0	0	0	0	0	0	0	0	0	0	0	0	0	0	0	0	0
10784662	10785923	10786611	1	0	0	0	0	0	0	0	0	0	0	0	0	0	0	0	0	0	3	0	0	0	0	0	1	1	43	0	0	0	0	0	0	0	0	0	0	0	0	0	0	0	0	0	0	0	0	0	47	0	1	0	0	0	0	0	6	0	5	0	0	0	0	0
10785923	10786611	10786744	52	0	0	0	0	0	0	0	1	0	3	0	0	0	0	0	0	0	0	0	0	0	0	0	0	0	0	0	0	0	0	0	5	1	3	0	0	0	1	0	3	0	51	0	0	0	0	0	0	0	0	0	0	0	0	0	0	0	0	0	0	0	0	0
10786611	10786744	10787013	0	56	0	0	0	1	0	0	0	2	0	2	0	0	0	0	0	0	0	0	0	0	0	0	0	0	0	1	0	0	0	0	0	1	0	3	0	0	0	0	0	3	0	48	0	0	0	0	0	0	0	0	0	0	0	0	0	0	0	0	0	0	0	0
10786744	10787013	10787241	0	0	0	0	0	58	0	1	0	0	0	0	0	0	0	4	0	0	0	0	0	1	0	0	0	0	0	0	0	0	0	0	0	0	0	0	0	1	0	4	0	0	0	0	1	5	0	46	0	0	0	0	0	0	0	0	0	0	0	0	0	0	0	0
10787013	10787241	10787819	0	0	0	0	0	0	0	0	0	0	0	0	0	0	0	0	0	0	0	0	61	0	0	0	0	0	0	0	0	0	0	6	0	0	0	0	0	0	0	0	0	0	0	0	0	0	0	0	1	0	0	0	1	0	0	6	0	0	0	0	4	1	0	43
10787241	10787819	10787876	0	0	0	1	0	0	0	0	0	0	0	0	0	0	0	0	1	63	0	1	0	0	0	0	0	0	0	0	0	1	1	4	0	0	0	0	0	0	0	0	0	0	0	0	0	0	0	0	1	0	0	3	0	1	0	1	0	0	0	0	1	2	1	54
10787819	10787876	10789235	1	1	0	0	1	56	0	0	0	0	0	0	0	0	0	2	0	0	0	0	0	0	0	1	0	0	0	0	0	0	0	1	0	0	0	0	0	0	0	0	0	0	0	0	0	0	0	0	0	0	0	0	0	0	0	2	0	0	0	2	0	2	0	50
10787876	10789235	10791611	1	0	0	0	0	0	1	0	0	0	0	0	0	0	0	0	1	0	0	0	44	1	2	0	0	0	0	0	0	0	3	0	0	0	0	0	0	0	0	0	0	0	0	0	0	0	2	0	0	0	0	0	0	0	1	0	0	0	0	0	3	1	36	0
10789235	10791611	10793270	2	0	0	0	0	0	0	0	0	0	0	0	0	0	0	0	41	0	1	0	1	0	0	0	1	0	3	0	0	0	0	0	0	0	0	0	0	0	0	0	0	0	0	0	0	0	0	0	0	0	2	0	0	0	1	0	1	5	33	1	0	0	0	0
10791611	10793270	10793583	34	2	0	0	0	0	0	0	0	0	2	0	0	0	0	0	1	0	0	0	0	0	0	0	1	0	0	0	0	0	0	0	1	0	2	0	0	0	4	0	6	1	34	1	0	0	1	0	0	0	0	0	0	0	0	0	0	0	0	0	0	0	0	0
10793270	10793583	10793847	1	33	1	0	0	2	0	0	0	2	0	1	0	0	0	0	0	0	0	0	0	0	0	0	0	1	0	3	0	0	0	0	0	4	0	2	0	0	0	1	0	7	1	30	0	0	0	1	0	0	0	0	0	0	0	0	0	1	0	1	0	0	0	0
10793583	10793847	10794544	0	1	0	0	2	33	0	3	0	0	0	0	0	1	0	1	0	0	0	0	0	2	0	0	0	0	0	0	0	0	0	0	0	0	0	0	1	4	0	6	0	0	0	0	1	7	0	29	0	0	0	0	0	0	0	0	0	0	0	0	0	1	0	0
10793847	10794544	10795902	0	0	0	0	1	0	0	0	0	0	0	0	0	0	0	0	2	0	1	0	8	2	33	0	0	0	0	0	8	1	0	0	0	0	0	0	0	0	0	0	0	0	0	0	0	0	0	0	1	0	0	0	9	0	0	0	0	0	0	0	32	0	0	0
10794544	10795902	10797635	4	0	0	0	0	0	0	0	0	0	0	1	0	0	0	0	14	0	0	5	0	0	0	2	1	0	0	38	0	0	0	0	1	0	0	0	0	0	0	0	0	0	0	0	0	0	0	0	37	1	0	1	1	0	0	0	0	0	0	0	0	0	0	0
10795902	10797635	10797787	0	44	1	0	0	1	0	0	0	0	0	0	5	1	0	0	0	1	0	0	0	0	0	0	0	0	0	0	1	1	0	0	1	0	0	0	0	0	0	0	0	0	0	0	37	1	1	0	0	0	0	0	0	0	0	0	0	0	0	0	0	0	0	0
10797635	10797787	10802000	0	0	0	0	1	1	0	35	0	0	0	1	0	0	0	0	0	0	0	0	0	0	0	0	0	0	0	0	0	0	0	0	0	0	0	0	0	0	0	0	0	0	0	0	0	0	0	0	0	38	0	0	0	2	0	1	0	0	0	0	0	0	0	0
10797787	10802000	10802965	0	0	0	0	28	0	0	0	0	0	0	0	0	0	0	0	0	0	1	0	2	0	0	0	0	0	0	0	0	0	37	0	0	0	0	0	0	0	0	0	0	0	0	0	0	0	1	0	0	0	0	0	0	0	0	0	0	0	0	0	0	0	0	0
10802000	10802965	10802969	1	0	0	0	0	0	0	0	0	0	1	0	0	0	0	0	37	0	6	0	0	0	0	0	1	1	0	0	0	0	0	0	1	0	0	0	0	0	0	0	0	0	0	0	0	0	0	0	0	0	0	0	0	0	0	0	2	7	1	36	0	0	0	0
10802965	10802969	10806432	32	1	0	0	0	0	0	0	5	0	0	0	0	0	0	0	0	0	0	0	0	0	0	0	0	0	0	0	0	0	0	0	0	0	2	0	0	0	6	0	0	0	1	0	5	2	30	0	0	0	0	0	0	0	0	0	0	0	0	0	0	0	0	0
10802969	10806432	10806899	0	36	0	0	0	1	0	0	0	0	0	2	0	0	0	0	0	0	0	0	0	0	0	0	0	2	0	5	0	0	0	0	0	7	0	0	0	0	0	0	0	0	0	2	0	0	0	0	0	2	0	3	0	1	0	1	0	3	0	27	0	0	0	0
10806432	10806899	10807671	0	0	0	0	0	51	0	1	0	0	0	0	0	1	1	4	0	0	0	0	0	1	0	1	0	0	0	0	0	0	0	1	0	0	0	0	0	1	0	5	0	0	0	0	0	4	1	45	0	0	0	0	0	0	0	0	0	0	0	0	0	0	0	0
10806899	10807671	10808288	0	0	0	0	0	0	0	0	0	0	0	0	0	0	0	0	0	0	0	0	0	54	0	1	0	0	0	0	7	0	0	0	0	0	0	0	0	0	0	0	0	0	0	0	0	0	0	0	0	0	0	0	3	0	2	0	2	0	0	0	48	2	0	0
10807671	10808288	10808678	0	0	0	0	0	0	0	0	0	0	0	0	0	0	0	0	0	2	0	0	0	3	0	51	0	1	0	0	0	0	0	1	0	2	0	0	0	0	0	1	0	0	0	0	0	0	0	0	0	41	0	0	0	2	0	0	0	0	0	0	0	0	0	0
10808288	10808678	10808751	0	0	0	0	0	0	0	48	0	0	0	0	0	0	0	0	0	0	0	0	0	4	0	2	0	0	0	0	0	53	1	3	0	0	0	0	0	0	0	1	0	0	0	0	0	0	0	0	0	0	0	0	0	0	0	0	0	0	0	0	0	1	0	0
10808678	10808751	10809174	0	0	0	0	0	0	0	0	0	0	0	0	0	0	0	0	0	0	0	0	4	0	0	0	1	0	0	0	7	1	43	0	0	0	0	0	0	0	0	0	0	0	0	0	0	0	0	0	0	0	0	0	51	0	1	0	1	0	0	0	3	0	0	0
10808751	10809174	10811461	0	0	0	0	0	0	0	0	0	0	0	0	0	0	0	0	57	0	0	1	0	0	0	0	1	0	0	0	0	0	0	0	1	0	0	0	0	0	0	0	0	0	0	0	0	0	0	0	5	0	5	0	0	0	1	0	8	0	44	1	0	0	1	0
10809174	10811461	10815307	1	0	48	0	0	0	0	0	4	0	0	0	0	0	0	0	0	0	0	0	0	0	0	0	0	0	0	0	0	0	0	0	4	0	2	0	0	0	0	0	32	0	6	1	1	0	0	0	0	0	0	0	0	0	0	0	0	0	1	0	0	0	0	0
10811461	10815307	10817029	0	4	0	0	0	0	0	0	48	2	0	0	0	0	0	0	0	0	0	0	0	0	0	0	0	0	0	0	0	0	0	0	0	42	0	2	0	0	0	0	0	7	0	0	0	1	0	0	0	1	0	0	0	0	0	0	0	0	0	0	0	0	0	0
10815307	10817029	10820429	0	0	0	0	44	0	2	0	0	0	0	0	2	0	0	0	0	0	0	0	0	0	0	0	0	0	0	0	0	0	0	0	0	37	0	0	7	2	0	0	0	0	0	0	0	0	0	0	0	0	0	0	1	0	0	0	0	0	0	0	0	0	0	0
10817029	10820429	10822167	0	0	0	0	37	0	0	0	0	0	0	0	0	0	0	0	2	0	51	0	2	0	0	0	0	0	1	0	0	0	0	0	0	0	0	0	0	0	0	0	0	0	0	0	0	0	0	0	0	0	2	0	0	0	0	0	0	0	0	0	0	0	0	0
10820429	10822167	10826955	0	0	0	2	0	0	0	0	0	0	0	55	0	0	0	0	0	35	0	1	0	0	0	0	0	0	0	0	0	0	0	0	0	0	0	0	0	0	0	0	0	0	0	1	0	0	0	0	0	0	0	0	0	0	0	0	0	0	0	0	0	0	0	0
10822167	10826955	10828866	0	0	0	0	28	2	5	0	1	0	0	0	0	0	1	0	0	0	0	0	0	0	0	0	0	0	0	0	0	0	0	0	0	0	0	0	0	0	0	0	0	0	0	0	3	3	31	1	0	0	0	0	0	0	0	0	0	0	0	0	0	0	0	0
10826955	10828866	10829854	0	0	0	0	0	0	0	0	0	0	0	0	0	0	0	0	0	29	0	2	0	2	0	0	0	6	0	0	0	0	0	0	0	2	0	0	0	0	0	0	0	0	0	0	0	0	0	0	0	1	0	4	0	0	0	3	0	1	0	35	0	0	0	1
10828866	10829854	10830855	0	0	0	0	5	1	28	0	0	0	0	0	3	0	1	1	0	0	0	0	0	0	3	0	0	0	0	0	3	0	0	0	0	0	0	0	2	1	5	0	0	0	0	0	37	0	0	0	0	0	0	0	0	0	0	0	0	0	0	0	1	0	0	0
10829854	10830855	10832199	0	0	0	0	0	0	0	0	0	0	0	0	0	0	0	0	7	0	1	0	1	0	0	0	37	0	0	0	0	0	0	0	0	0	0	0	0	0	0	0	0	0	0	0	0	0	0	0	2	0	47	0	0	0	0	0	2	0	0	0	0	0	0	0
10830855	10832199	10839977	0	0	0	8	0	0	0	0	31	0	0	2	0	0	0	0	0	0	0	0	0	0	0	0	0	0	0	0	0	0	0	0	0	0	0	26	0	0	0	0	0	0	0	0	0	0	0	0	0	0	0	0	0	0	0	0	0	0	0	0	0	0	0	0
10832199	10839977	10841606	0	0	0	0	0	0	0	0	0	0	0	0	31	1	2	0	0	0	0	0	0	0	0	0	0	0	0	0	0	0	0	0	0	0	22	1	0	0	0	0	0	0	0	0	0	0	2	0	0	0	0	0	0	0	0	0	0	0	0	0	0	0	0	0
10839977	10841606	10843202	1	0	0	0	0	0	0	0	29	1	2	0	0	0	0	0	0	0	0	0	0	0	0	0	0	0	0	0	0	0	0	0	0	0	0	0	0	0	0	0	0	0	0	0	0	0	0	0	0	0	35	0	0	0	1	0	2	0	2	0	0	0	0	0
10841606	10843202	10845135	0	0	0	2	0	0	0	0	1	41	1	4	0	0	0	0	0	0	0	0	0	0	0	0	0	0	0	1	0	0	0	0	0	0	0	34	0	0	0	1	0	3	0	2	0	0	0	0	0	0	0	0	0	0	0	0	0	0	0	0	0	0	0	0
10843202	10845135	10852812	0	0	0	0	0	0	0	0	0	0	0	0	0	32	0	0	0	0	0	0	0	0	0	0	0	0	0	0	0	0	0	0	0	0	0	0	1	3	0	35	0	0	0	1	0	2	0	2	0	0	0	0	0	0	0	0	0	0	0	0	0	0	0	0

