Position1	Position2	count_AA	count_AT	count_AG	count_AC	count_TA	count_TT	count_TG	count_TC	count_GA	count_GT	count_GG	count_GC	count_CA	count_CT	count_CG	count_CC
10766895	10766948	0	37	0	3	0	0	3	59	0	0	0	0	0	0	0	1
10766948	10767078	0	0	0	0	0	35	0	3	0	0	1	2	2	4	2	51
10767078	10767310	0	2	0	0	0	1	0	37	0	1	0	1	0	53	0	5
10767310	10767465	0	0	0	0	59	0	0	0	0	0	0	0	6	1	39	0
10767465	10768208	41	0	16	0	0	0	0	0	0	0	39	0	0	0	0	0
10768208	10768636	0	40	0	1	0	0	0	0	1	14	0	34	0	0	0	0
10768636	10768808	0	1	1	0	2	56	8	1	0	0	0	0	0	2	33	0
10768808	10768891	0	0	0	2	2	2	0	54	25	0	0	9	0	0	0	1
10768891	10768939	3	24	0	0	2	0	0	0	0	0	0	0	60	3	0	0
10768939	10769055	1	23	0	43	1	36	0	0	0	0	0	0	0	0	0	0
10769055	10769188	0	1	0	1	3	16	1	39	0	0	0	0	4	37	0	3
10769188	10769279	1	0	3	3	2	1	52	1	1	0	0	0	39	0	6	0
10769279	10769309	0	2	0	43	0	0	0	0	0	54	0	6	0	2	0	3
10769309	10769457	0	0	0	0	5	10	3	39	0	0	0	0	2	47	0	3
10769457	10769533	0	0	5	2	0	2	11	38	0	0	4	0	0	0	42	3
10769533	10769614	0	0	0	0	1	0	1	0	55	1	5	0	6	1	28	1
10769614	10769678	0	56	0	6	0	1	0	1	0	4	0	34	0	0	0	1
10769678	10769720	0	0	0	0	0	8	49	0	0	0	0	0	0	42	2	2
10769720	10770325	0	0	0	0	4	2	33	9	1	2	4	40	0	0	1	0
10770325	10770334	1	0	3	1	0	0	3	1	4	0	32	4	1	1	5	44
10770334	10770335	1	0	5	0	1	0	0	0	1	1	42	3	52	1	0	2
10770335	10770361	1	3	0	48	0	0	0	2	0	46	0	0	0	2	0	4
10770361	10770415	1	0	0	0	12	5	25	1	0	0	0	0	52	0	1	0
10770415	10770503	53	1	10	2	0	0	5	0	2	1	21	0	0	0	1	0
10770503	10770640	4	3	0	45	1	0	0	0	37	0	1	2	0	1	0	1
10770640	10770678	42	0	2	0	0	1	2	0	1	0	0	0	3	1	43	1
10770678	10770691	4	0	39	0	1	0	1	0	42	0	4	0	1	0	1	0
10770691	10770733	5	0	0	47	0	0	0	0	40	0	0	4	0	0	0	0
10770733	10771725	0	42	0	5	0	0	0	0	0	0	0	0	4	4	0	45
10771725	10771851	0	0	4	0	37	0	10	0	0	0	0	0	0	0	53	1
10771851	10771899	1	32	1	2	0	0	0	0	3	16	0	36	0	0	0	1
10771899	10771962	2	1	0	2	38	2	3	6	1	0	0	0	4	0	3	31
10771962	10771984	1	4	42	2	0	1	2	2	0	6	0	0	0	40	2	1
10771984	10772043	1	0	0	0	5	0	45	0	42	0	2	1	2	0	1	0
10772043	10772208	0	9	0	35	0	0	0	0	1	45	1	2	1	0	0	0
10772208	10772239	1	0	1	0	52	0	4	0	1	0	0	0	5	0	32	0
10772239	10774030	0	49	0	2	0	0	0	0	3	2	0	33	0	0	0	0
10774030	10774099	0	2	0	0	3	2	0	49	0	0	0	0	0	36	0	2
10774099	10775673	1	0	2	0	37	0	1	0	0	0	0	0	2	0	41	0
10775673	10775850	0	44	0	2	0	0	0	0	0	2	0	42	0	0	0	0
10775850	10776360	0	0	0	0	0	1	35	2	0	0	0	0	1	1	0	40
10776360	10776624	1	1	1	0	0	2	0	0	34	0	0	0	3	43	1	1
10776624	10777538	5	40	0	1	41	0	0	0	1	0	0	0	1	0	0	0
10777538	10777916	10	0	1	33	40	0	1	1	0	0	0	0	1	0	0	0
10777916	10778242	1	47	6	0	0	0	0	0	0	1	1	0	1	2	22	0
10778242	10778715	2	0	0	1	2	1	0	47	29	0	0	2	0	0	0	0
10778715	10778929	9	0	27	0	1	0	0	0	0	0	0	0	48	0	3	0
10778929	10778942	9	1	50	0	0	0	0	0	23	0	7	0	0	0	0	0
10778942	10778961	3	0	35	0	0	0	0	0	48	0	8	1	0	0	0	0
10778961	10779040	1	50	0	1	0	0	0	0	2	1	0	38	0	1	0	0
10779040	10779053	2	0	1	0	4	0	50	1	0	0	0	0	41	0	3	0
10779053	10779174	1	44	2	0	0	0	0	0	2	10	40	0	1	0	0	0
10779174	10779640	0	0	2	2	1	42	4	7	0	3	1	37	0	0	0	0
10779640	10779678	0	0	0	1	2	15	0	32	0	6	0	3	0	47	0	0
10779678	10779705	0	0	1	0	54	0	11	4	0	0	0	0	1	0	36	1
10779705	10779724	4	0	51	0	0	0	0	0	47	0	0	0	4	0	1	0
10779724	10779727	44	0	11	0	0	0	0	0	0	0	51	0	0	0	0	0
10779727	10779908	43	1	0	0	0	0	0	0	25	2	34	0	0	0	0	0
10779908	10779910	46	2	18	0	0	0	1	1	0	0	35	0	0	0	0	0
10779910	10779995	45	0	0	2	1	0	0	1	3	1	1	48	0	0	0	1
10779995	10780072	0	0	46	3	0	0	0	1	0	0	1	1	0	0	5	49
10780072	10780117	0	0	0	0	0	0	0	0	0	42	0	2	0	4	0	50
10780117	10780763	0	0	0	0	46	2	0	0	0	0	0	0	4	43	0	2
10780763	10780767	53	0	3	2	1	1	43	0	0	0	0	0	0	0	2	0
10780767	10781066	0	2	51	0	0	1	0	0	0	28	3	0	0	1	1	0
10781066	10781363	0	0	0	0	27	0	3	1	2	0	50	0	0	0	0	0
10781363	10781514	40	1	4	0	0	0	0	0	7	0	44	0	1	0	0	0
10781514	10781549	0	1	0	43	1	0	0	0	0	11	0	9	0	0	0	0
10781549	10781558	1	0	0	0	13	0	0	0	0	0	0	0	7	0	0	35
10781558	10781575	52	0	0	1	0	1	1	0	0	0	0	0	3	0	29	1
10781575	10781854	0	43	0	3	0	1	0	0	0	3	0	32	0	0	0	0
10781854	10781921	0	0	1	0	1	6	38	1	0	0	0	0	1	33	0	1
10781921	10781952	0	1	0	1	1	2	0	39	0	49	0	0	0	0	0	2
10781952	10782376	0	1	0	0	2	7	0	38	0	0	0	0	1	39	0	1
10782376	10783390	0	1	0	2	0	41	0	6	0	0	0	0	0	4	0	35
10783390	10783423	0	0	0	0	2	4	2	40	0	0	0	0	0	42	2	0
10783423	10783732	0	0	0	2	2	37	2	1	1	0	0	3	1	0	0	36
10783732	10784065	0	2	0	2	0	4	0	33	1	1	0	1	1	40	0	1
10784065	10784363	1	0	1	0	42	0	5	0	0	0	0	0	2	2	34	0
10784363	10784662	1	1	0	46	0	2	0	0	0	39	0	3	0	0	0	0
10784662	10785923	1	0	0	0	2	0	37	0	0	0	0	0	38	1	6	0
10785923	10786611	34	0	4	0	1	0	0	0	5	0	38	0	0	0	0	0
10786611	10786744	39	0	3	0	0	0	0	0	2	0	40	0	0	0	0	0
10786744	10787013	0	41	0	2	0	0	0	0	0	2	0	40	0	0	0	0
10787013	10787241	0	0	0	0	0	40	0	2	0	0	0	0	2	3	0	41
10787241	10787819	1	0	0	1	40	0	0	3	0	0	0	0	6	1	0	41
10787819	10787876	1	42	0	4	0	0	0	1	0	0	0	0	2	3	1	42
10787876	10789235	0	1	0	2	0	36	1	2	0	0	0	1	0	0	0	40
10789235	10791611	0	0	0	0	29	0	5	1	1	0	0	0	3	1	32	2
10791611	10793270	29	0	2	0	0	0	1	0	4	5	30	1	0	0	2	0
10793270	10793583	26	1	4	0	0	0	4	0	5	1	28	1	0	0	1	0
10793583	10793847	0	25	0	2	0	3	0	0	0	8	1	28	0	0	0	0
10793847	10794544	0	0	0	0	2	33	0	9	0	0	0	0	1	4	0	25
10794544	10795902	4	0	0	0	9	1	30	0	1	0	0	0	35	1	1	0
10795902	10797635	44	1	0	3	1	0	0	1	0	0	0	25	0	0	0	0
10797635	10797787	0	45	1	0	0	1	0	0	0	0	0	0	34	2	1	0
10797787	10802000	0	26	0	1	1	1	0	31	0	0	0	1	0	0	0	0
10802000	10802965	0	0	2	0	29	0	3	0	0	0	0	0	3	0	40	0
10802965	10802969	30	0	5	0	0	0	0	0	3	8	3	33	0	0	0	0
10802969	10806432	29	0	1	0	0	0	7	0	6	0	1	0	4	2	20	0
10806432	10806899	0	39	0	4	0	1	0	1	0	3	0	37	0	0	0	0
10806899	10807671	0	0	0	0	1	42	1	6	0	0	0	0	0	4	2	36
10807671	10808288	0	1	0	0	3	44	3	0	2	1	0	0	40	2	0	0
10808288	10808678	0	32	0	0	0	4	0	38	0	2	0	1	0	0	0	0
10808678	10808751	0	0	0	0	0	3	0	36	0	0	0	0	1	34	1	3
10808751	10809174	1	0	0	0	41	0	1	0	1	0	0	0	8	1	40	1
10809174	10811461	46	0	5	1	0	0	1	0	6	1	33	0	0	0	0	0
10811461	10815307	6	0	38	0	0	0	0	0	37	0	6	0	0	0	0	0
10815307	10817029	0	38	0	1	0	0	0	0	37	5	0	0	0	0	0	0
10817029	10820429	1	25	0	0	44	0	2	0	0	0	0	0	2	0	0	0
10820429	10822167	2	0	52	1	30	0	0	0	0	0	1	1	0	0	0	0
10822167	10826955	0	26	1	4	0	0	0	0	0	1	0	46	1	0	0	1
10826955	10828866	0	0	0	0	24	1	8	0	2	0	0	0	3	2	31	1
10828866	10829854	0	18	0	7	0	2	0	2	0	9	0	31	0	0	0	1
10829854	10830855	0	0	0	0	6	0	27	0	0	0	0	0	42	2	12	1
10830855	10832199	11	0	35	0	0	0	2	0	33	0	8	0	0	0	0	0
10832199	10839977	0	0	0	29	0	0	0	0	22	0	0	3	0	0	0	0
10839977	10841606	0	0	28	0	0	0	0	0	0	0	0	0	35	1	4	0
10841606	10843202	0	0	37	0	0	0	1	0	29	1	3	0	0	0	0	0
10843202	10845135	0	0	0	30	0	1	0	1	1	40	1	6	0	0	0	0
10845135	10852812	0	0	0	0	1	2	0	33	0	0	0	2	0	28	0	2
