Position1	Position2	count_AA	count_AT	count_AG	count_AC	count_TA	count_TT	count_TG	count_TC	count_GA	count_GT	count_GG	count_GC	count_CA	count_CT	count_CG	count_CC
11326787	11331754	20	1	10	0	0	0	0	0	6	5	24	0	1	0	0	0
11331754	11334427	0	19	1	9	1	2	0	7	0	7	0	30	0	1	0	0
11334427	11334778	0	0	0	1	2	25	0	9	1	0	0	0	2	0	0	52
11334778	11334917	1	0	2	0	24	0	3	0	0	0	0	0	1	0	63	1
11334917	11335142	0	1	0	24	0	0	0	0	0	1	58	1	0	0	1	0
11335142	11340487	0	0	0	0	0	0	2	0	30	0	16	0	1	0	20	0
11340487	11342453	1	0	3	39	0	0	0	0	0	1	37	1	0	0	0	0
11342453	11343604	0	0	1	1	1	0	0	0	1	0	2	35	2	2	36	1
11343604	11345915	0	0	1	1	0	0	0	3	0	2	0	34	0	0	34	2
11345915	11347098	0	0	0	0	0	0	0	2	0	36	0	1	0	0	0	41
11347098	11348399	0	0	0	0	0	0	35	0	0	0	0	0	34	0	4	0
11348399	11352958	0	0	29	1	0	0	0	0	31	1	3	0	0	0	0	0
11352958	11355523	2	36	0	1	0	1	0	0	45	4	0	0	1	0	0	0
11355523	11355742	0	49	0	4	0	3	0	42	0	0	0	0	0	0	0	1
11355742	11356520	0	0	0	0	2	50	0	0	0	0	0	0	41	3	0	0
11356520	11361565	2	32	0	1	48	1	0	0	0	0	0	0	0	0	0	0
11361565	11362935	1	49	0	4	0	0	1	35	0	0	0	0	0	0	0	1
11362935	11364881	0	0	0	0	3	1	33	2	1	0	0	0	34	0	4	0
11364881	11366078	4	0	30	0	1	0	0	0	30	0	3	0	2	0	0	0
11366078	11368294	0	41	1	5	0	0	0	0	0	4	0	29	0	0	0	0
11368294	11368627	0	0	0	1	0	48	0	2	0	1	0	0	1	5	1	32
11368627	11368741	0	0	0	0	1	1	0	49	0	1	0	0	0	33	0	2
11368741	11369896	0	0	0	0	2	0	29	0	0	0	0	0	46	0	2	1
11369896	11371196	1	1	0	46	0	0	0	0	0	28	0	3	0	0	0	1
11371196	11372797	0	0	0	0	0	1	4	26	0	0	0	0	0	0	37	0
11372797	11373436	0	0	0	0	0	0	0	1	0	0	38	3	0	1	0	20
11373436	11374750	0	0	0	0	0	0	1	0	47	1	1	0	1	1	21	0
11374750	11375617	0	1	49	0	1	0	1	0	32	0	2	0	0	0	0	0
11375617	11380108	30	1	0	0	0	0	1	0	2	0	44	0	0	0	0	0
11380108	11382120	0	33	0	1	0	1	0	0	0	3	0	45	0	0	0	0
11382120	11384187	0	0	0	0	0	4	0	30	0	0	0	0	0	42	1	0
11384187	11385529	0	0	0	0	0	1	42	3	0	0	1	0	0	0	2	29
11385529	11387317	1	0	0	0	0	0	0	0	3	0	37	0	34	0	0	0
11387317	11388239	0	2	3	39	0	0	0	0	1	0	33	1	0	0	0	1
11388239	11389858	0	0	1	0	2	0	0	0	1	0	27	2	28	0	0	0
11389858	11392985	27	0	0	0	0	0	0	0	1	1	29	0	0	0	1	0
11392985	11393888	0	45	2	2	0	0	0	1	8	5	0	18	0	0	0	0
11393888	11394971	0	0	1	7	1	0	43	6	0	0	1	0	0	0	1	22
11394971	11395444	0	1	0	0	0	0	0	0	2	45	1	1	2	2	0	35
11395444	11396467	2	0	2	0	43	0	2	0	1	0	0	0	2	0	34	0
11396467	11398183	5	1	39	0	0	0	0	0	40	0	1	0	0	0	0	0
11398183	11400099	1	0	44	0	1	0	0	0	34	0	1	1	0	0	0	0
11400099	11402779	0	1	0	36	0	0	0	0	1	0	32	5	0	0	0	0
11402779	11403288	0	0	0	2	0	1	0	0	0	2	0	35	1	39	0	4
11403288	11404964	0	0	0	0	0	35	0	1	0	0	0	0	1	11	1	28
11404964	11406527	0	0	0	1	0	33	0	8	0	0	0	2	0	0	0	30
11406527	11406930	0	0	0	0	36	0	0	0	0	0	0	0	7	0	0	38
11406930	11410184	2	0	31	5	0	0	0	0	0	0	0	0	1	0	3	28
11410184	11410336	0	0	2	3	0	0	0	0	1	1	5	32	0	1	37	3
11410336	11410807	0	0	2	0	0	0	2	0	26	1	2	2	2	0	33	2
11410807	11411247	2	2	0	22	0	0	0	1	0	35	0	2	1	1	0	0
11411247	11411671	3	0	1	0	3	0	37	0	0	0	0	0	30	0	4	1
11411671	11412516	1	35	0	1	0	0	0	0	0	6	1	35	0	1	0	0
11412516	11413165	1	0	0	0	40	0	4	0	0	0	1	0	1	0	37	0
11413165	11413561	0	0	0	41	0	0	0	0	0	38	0	5	0	0	0	0
11413561	11414979	0	0	0	0	0	1	0	35	0	0	0	0	1	43	1	1
11414979	11415878	1	0	0	0	50	0	2	0	1	0	0	0	5	0	35	0
11415878	11418063	1	45	0	5	0	0	0	0	1	1	0	32	0	0	0	0
11418063	11418193	0	0	0	0	46	0	0	0	0	0	0	0	2	0	33	0
11418193	11418741	0	43	0	1	0	0	0	0	0	0	0	33	0	0	0	0
11418741	11420132	0	0	0	0	39	0	1	0	0	0	0	0	1	0	43	0
11420132	11421302	38	0	1	1	0	0	0	0	4	39	0	1	0	0	0	0
11421302	11421865	1	1	4	34	1	0	39	3	0	0	0	1	0	0	1	1
11421865	11422120	0	1	0	1	0	2	0	0	0	2	1	42	0	28	0	7
11422120	11423333	0	0	0	0	32	0	2	0	0	0	1	0	4	1	50	0
11423333	11425704	36	0	0	0	1	0	1	0	7	1	40	0	0	0	0	0
11425704	11426247	0	37	0	7	0	0	0	1	0	1	1	40	0	0	0	0
11426247	11426942	0	0	0	0	35	1	1	0	0	0	1	0	2	0	50	0
11426942	11426946	0	28	1	1	0	0	0	1	0	1	0	55	0	0	0	0
11426946	11426957	0	0	0	0	0	2	0	26	0	0	0	1	2	51	1	1
11426957	11426969	1	2	0	0	1	49	0	3	0	1	0	0	3	2	0	28
11426969	11427682	2	0	1	0	3	0	48	0	0	0	0	0	28	0	1	0
11427682	11429573	33	0	2	0	0	0	0	0	8	0	39	1	0	0	0	0
11429573	11429768	43	0	7	0	0	0	0	0	5	0	40	1	0	0	1	0
11429768	11430346	3	4	0	36	0	0	0	0	43	0	0	9	0	1	0	0
11430346	11431765	47	0	0	0	0	0	0	6	0	0	0	0	10	0	0	30
11431765	11432711	0	4	58	0	0	0	0	0	0	1	0	0	0	30	3	2
11432711	11435346	0	0	0	0	4	0	28	0	44	0	5	0	0	0	2	0
11435346	11436846	6	1	41	1	1	0	0	0	36	0	3	0	0	0	0	0
11436846	11439940	0	0	34	3	0	0	0	1	2	5	4	35	0	0	0	1
11439940	11440957	0	1	0	1	0	5	0	0	1	4	0	33	0	38	1	4
11440957	11441950	1	0	0	0	3	0	46	0	0	0	1	0	39	0	4	0
11441950	11444815	0	1	0	43	0	0	0	0	0	42	0	1	0	0	0	0
11444815	11446560	0	0	0	0	0	37	1	3	0	0	0	0	3	7	0	37
11446560	11448639	1	0	0	0	9	0	35	0	0	0	1	0	31	0	2	2
11448639	11451434	0	1	34	1	0	0	0	0	0	0	0	26	0	0	2	0
11451434	11452363	0	0	1	0	0	0	1	0	0	0	36	1	30	0	3	0
11452363	11454904	1	28	1	0	0	0	0	0	1	5	0	29	0	0	0	0
11454904	11454962	1	0	2	0	1	0	31	0	0	0	1	0	25	0	4	0
11454962	11457237	26	2	1	0	0	0	0	0	5	0	28	0	0	0	0	0
11457237	11457377	37	1	1	0	2	0	0	0	3	0	47	0	0	0	0	0
11457377	11457582	0	41	0	3	0	1	0	0	4	1	0	44	0	0	0	0
11457582	11457738	1	2	1	2	1	38	1	2	0	0	0	0	0	3	1	41
11457738	11458115	0	0	1	0	39	0	3	0	1	0	1	0	2	0	42	0
11458115	11458138	0	37	0	5	0	0	0	0	1	2	0	41	0	0	0	0
11458138	11458158	0	0	1	0	36	0	2	0	0	0	0	0	3	0	41	0
11458158	11458248	1	0	1	36	0	0	0	0	46	0	0	1	0	0	0	0
11458248	11459432	2	1	41	0	0	0	0	0	1	0	0	0	36	0	0	0
11459432	11459780	1	36	2	5	1	0	0	1	2	1	0	41	0	0	0	0
11459780	11459794	0	1	0	2	1	24	1	1	0	2	0	0	0	4	1	39
11459794	11460351	0	1	0	0	1	27	0	3	0	0	1	1	0	0	0	38
11460351	11460364	0	0	0	0	0	33	1	2	0	1	0	0	1	1	41	1
11460364	11460668	0	1	0	0	35	1	1	0	5	36	0	2	2	1	0	0
11460668	11462903	4	1	30	0	31	0	1	0	0	0	1	0	1	0	0	0
11462903	11462956	37	1	3	0	1	0	0	0	3	2	24	0	1	0	0	0
11462956	11463492	0	41	0	3	0	1	0	3	0	1	0	31	0	0	0	0
11463492	11463495	0	0	0	0	38	1	0	2	0	0	0	0	1	2	32	2
11463495	11463744	7	27	0	0	2	1	0	0	30	0	1	0	4	0	0	0
11463744	11464290	8	2	31	1	24	0	1	2	0	0	1	0	0	0	0	0
11464290	11464914	3	0	33	0	1	0	1	0	34	0	2	0	1	0	2	0
11464914	11465037	41	0	7	0	0	0	0	0	2	0	38	1	0	0	0	0
11465037	11465745	1	0	34	0	0	0	0	0	39	0	6	0	1	0	0	0
11465745	11466163	0	1	39	0	0	0	0	0	37	0	4	0	0	0	0	0
11466163	11466391	4	1	36	0	1	0	0	0	42	0	5	1	0	0	0	0
11466391	11466509	0	41	0	5	0	1	0	0	1	4	0	34	0	1	0	0
11466509	11467132	0	0	0	1	0	3	0	38	0	0	0	0	1	34	1	2
11467132	11467133	1	0	0	0	2	0	36	0	0	0	1	0	43	2	1	1
11467133	11467162	3	1	0	43	2	0	2	0	32	0	0	2	0	0	0	1
11467162	11467175	0	0	37	3	0	0	0	1	1	0	0	1	0	0	3	44
11467175	11469172	0	0	1	0	0	0	0	0	23	1	2	3	1	1	38	2
11469172	11469759	23	0	1	0	2	0	1	0	3	0	44	1	3	0	2	0
11469759	11469994	0	0	0	38	0	0	0	0	1	0	37	11	0	0	0	1
11469994	11470337	1	0	0	0	0	0	0	0	30	0	4	1	6	1	37	2
11470337	11470938	32	1	1	0	1	0	0	0	7	34	0	1	3	0	0	0
11470938	11471152	6	4	37	0	35	4	0	0	0	0	1	0	1	0	0	0
11471152	11473186	30	2	1	0	4	1	0	0	0	32	0	0	0	0	0	0
11473186	11473362	30	0	0	0	1	0	41	0	0	0	0	0	0	0	0	0
11473362	11473699	1	22	0	3	0	0	0	0	0	0	0	34	0	0	0	0
11473699	11473703	0	0	0	1	1	21	1	1	0	0	0	0	0	2	1	33
11473703	11473704	0	1	0	0	0	0	29	0	2	0	0	0	44	6	2	0
11473704	11473707	1	0	0	45	0	6	0	0	0	30	0	1	0	0	0	0
11473707	11473988	0	0	1	0	0	4	30	0	0	0	0	0	38	1	0	0
11473988	11474872	36	0	1	0	1	0	0	4	3	0	1	26	0	0	0	0
11474872	11474874	44	2	2	0	0	0	0	0	1	0	0	1	5	0	29	0
11474874	11475860	28	0	18	0	1	0	1	0	3	1	23	0	0	0	1	0
11475860	11476781	31	1	2	0	0	0	1	0	15	1	25	0	0	0	0	0
11476781	11476819	37	0	8	3	0	0	0	1	0	0	30	0	0	0	0	0
