Position1	Position2	Position3	count_AAA	count_AAT	count_AAG	count_AAC	count_ATA	count_ATT	count_ATG	count_ATC	count_AGA	count_AGT	count_AGG	count_AGC	count_ACA	count_ACT	count_ACG	count_ACC	count_TAA	count_TAT	count_TAG	count_TAC	count_TTA	count_TTT	count_TTG	count_TTC	count_TGA	count_TGT	count_TGG	count_TGC	count_TCA	count_TCT	count_TCG	count_TCC	count_GAA	count_GAT	count_GAG	count_GAC	count_GTA	count_GTT	count_GTG	count_GTC	count_GGA	count_GGT	count_GGG	count_GGC	count_GCA	count_GCT	count_GCG	count_GCC	count_CAA	count_CAT	count_CAG	count_CAC	count_CTA	count_CTT	count_CTG	count_CTC	count_CGA	count_CGT	count_CGG	count_CGC	count_CCA	count_CCT	count_CCG	count_CCC
11326787	11331754	11334427	0	22	0	1	0	0	0	1	0	0	0	11	0	0	0	0	0	0	0	0	0	0	0	0	0	0	0	1	0	0	0	0	0	0	0	8	0	0	0	3	0	3	0	22	0	1	0	0	0	0	0	1	0	0	0	0	0	0	0	0	0	0	0	0
11331754	11334427	11334778	0	0	0	0	0	27	0	0	0	0	0	0	0	0	0	10	0	0	0	1	0	0	0	0	0	0	0	0	0	0	0	7	0	0	0	1	0	0	0	4	0	0	0	0	1	0	0	41	0	0	0	0	0	0	0	1	0	0	0	0	0	0	0	0
11334427	11334778	11334917	0	0	0	0	0	0	1	0	0	0	0	0	0	0	2	0	0	0	0	0	35	0	0	0	0	0	0	0	0	0	9	0	0	0	0	0	0	0	0	0	0	0	0	0	0	0	1	0	0	0	1	0	0	0	3	0	0	0	0	0	0	0	72	1
11334778	11334917	11335142	0	0	0	0	0	0	0	0	0	0	1	0	0	0	0	0	0	1	0	34	0	0	0	0	1	0	5	0	0	0	0	0	0	0	0	0	0	0	0	0	0	0	0	0	0	0	0	0	0	0	0	1	0	0	0	0	0	2	82	1	0	0	1	0
11334917	11335142	11340487	0	0	0	0	0	0	1	0	0	0	0	0	0	0	27	0	0	0	0	0	0	0	0	0	0	0	0	0	0	0	0	0	0	0	0	0	0	0	1	0	44	0	19	0	0	0	0	0	0	0	0	0	0	0	0	0	0	0	1	0	0	0	0	0
11335142	11340487	11342453	0	0	0	0	0	0	0	0	0	0	0	0	0	0	0	0	0	0	0	0	0	0	0	0	0	0	2	0	0	0	0	0	1	2	4	34	0	0	0	0	0	0	17	2	0	0	0	0	0	0	0	0	0	0	0	0	0	1	22	0	0	0	0	0
11340487	11342453	11343604	0	0	1	0	1	0	1	0	0	0	2	1	0	2	39	0	0	0	0	0	0	0	0	0	0	0	0	0	0	0	0	0	0	0	0	0	0	0	0	1	1	0	0	46	0	0	3	0	0	0	0	0	0	0	0	0	0	0	0	0	0	0	0	0
11342453	11343604	11345915	0	0	0	0	0	0	0	0	0	0	0	1	0	0	0	0	0	0	0	0	0	0	0	0	0	0	0	1	0	0	1	0	0	0	1	0	0	0	0	0	0	0	0	1	0	0	40	0	0	0	0	1	0	0	0	3	0	1	0	39	0	0	0	0
11343604	11345915	11347098	0	0	0	0	0	0	0	0	0	0	0	1	0	0	0	1	0	0	0	0	0	0	0	0	0	0	0	0	0	0	0	3	0	0	0	0	0	0	0	1	0	0	0	0	0	2	0	38	0	0	0	0	0	0	0	0	0	44	0	0	0	0	0	1
11345915	11347098	11348399	0	0	0	0	0	0	0	0	0	0	0	0	0	0	0	0	0	0	0	0	0	0	0	0	0	0	0	0	0	0	0	0	0	0	0	0	0	0	43	0	0	0	0	0	0	0	1	0	0	0	0	0	0	0	0	1	0	0	0	0	34	0	4	0
11347098	11348399	11352958	0	0	0	0	0	0	0	0	0	0	0	0	0	0	0	0	0	0	0	0	0	0	0	0	37	1	1	0	0	0	1	0	0	0	0	0	0	0	0	0	0	0	0	0	0	0	0	0	0	0	38	1	0	0	0	0	1	0	4	0	0	0	0	0
11348399	11352958	11355523	0	0	0	0	0	0	0	0	32	1	0	0	1	0	0	0	0	0	0	0	0	0	0	0	0	0	0	0	0	0	0	0	0	36	0	1	0	1	0	0	3	1	0	0	0	0	0	0	0	0	0	0	0	0	0	0	1	0	0	0	0	0	0	0
11352958	11355523	11355742	0	3	0	0	0	2	0	47	0	0	0	0	0	0	0	2	0	0	0	0	0	0	0	1	0	0	0	0	0	0	0	0	0	53	0	0	0	4	0	1	0	0	0	0	0	0	0	0	0	1	0	0	0	0	0	0	0	0	0	0	0	0	0	0
11355523	11355742	11356520	0	0	0	0	0	64	0	0	0	1	0	0	0	0	0	0	0	0	0	0	2	4	0	0	0	0	0	0	54	0	0	0	0	0	0	0	0	0	0	0	0	0	0	0	0	0	0	0	0	0	0	0	0	0	0	0	0	0	0	0	2	0	0	0
11355742	11356520	11361565	0	0	0	0	0	0	0	0	0	0	0	0	0	0	0	0	0	0	0	0	52	1	1	1	0	0	0	0	0	0	0	0	0	0	0	0	0	0	0	0	0	0	0	0	0	0	0	0	2	37	0	1	0	0	0	0	0	0	0	0	0	0	0	0
11356520	11361565	11362935	0	0	0	1	0	2	0	36	0	0	0	0	0	0	0	1	0	58	0	1	0	1	0	0	0	1	0	0	0	1	0	0	0	0	0	0	0	0	0	0	0	0	0	0	0	0	0	0	0	0	0	0	0	0	0	0	0	0	0	0	0	0	0	0
11361565	11362935	11364881	0	0	0	0	2	0	43	3	0	0	0	0	0	0	2	0	0	0	0	0	2	0	1	0	0	0	0	0	40	0	0	0	0	0	0	0	0	0	1	0	0	0	0	0	0	0	0	0	0	0	0	0	0	1	0	0	0	0	0	0	1	0	0	0
11362935	11364881	11366078	0	0	0	0	0	0	0	0	0	0	0	0	0	0	0	0	1	0	2	0	1	0	0	0	37	0	2	0	3	0	0	0	0	0	0	0	0	0	0	0	0	0	0	0	0	0	0	0	2	0	36	0	0	0	0	0	2	0	0	0	0	0	0	0
11364881	11366078	11368294	0	1	0	3	0	0	0	0	2	1	0	36	0	0	0	0	0	1	0	0	0	0	0	0	0	0	0	0	0	0	0	0	0	34	1	1	0	0	0	0	0	3	0	0	0	0	0	0	0	3	0	0	0	0	0	0	0	0	0	0	0	0	0	0
11366078	11368294	11368627	0	0	0	0	0	44	0	3	0	1	0	0	0	3	0	2	0	0	0	0	0	0	0	0	0	0	0	0	0	0	0	0	0	0	0	2	0	4	0	1	0	0	0	0	1	0	0	39	0	0	0	0	0	0	0	0	0	0	0	0	0	0	0	0
11368294	11368627	11368741	0	0	0	0	0	0	0	0	0	0	0	0	0	2	0	0	0	0	0	0	1	3	0	53	0	0	0	0	0	1	0	4	0	0	0	0	0	0	0	1	0	0	0	0	0	0	0	0	0	0	0	0	0	0	0	4	0	0	0	0	0	45	0	0
11368627	11368741	11369896	0	0	0	0	0	0	0	0	0	0	0	0	0	0	0	0	0	0	0	0	2	0	0	1	0	0	0	0	50	0	2	1	0	0	0	0	0	0	0	0	0	0	0	0	0	0	0	0	0	0	0	0	1	0	41	1	0	0	0	0	3	0	0	0
11368741	11369896	11371196	0	0	0	0	0	0	0	0	0	0	0	0	0	0	0	0	0	1	0	2	0	0	0	0	0	36	0	2	0	1	0	1	0	0	0	0	0	0	0	0	0	0	0	0	0	0	0	0	1	0	0	49	0	0	0	0	0	0	0	2	0	0	0	1
11369896	11371196	11372797	0	0	0	0	0	0	0	2	0	0	0	0	0	0	43	0	0	0	0	0	0	0	0	0	0	0	0	0	0	0	0	0	0	0	0	0	0	2	4	30	0	0	0	0	0	0	0	2	0	0	0	0	0	0	1	0	0	0	0	0	0	0	2	0
11371196	11372797	11373436	0	0	0	0	0	0	0	0	0	0	0	0	0	0	0	0	0	0	0	0	0	0	0	2	0	0	0	5	0	1	0	22	0	0	0	0	0	0	0	0	0	0	0	0	0	0	0	0	0	0	0	0	0	0	0	0	0	0	45	0	0	0	0	2
11372797	11373436	11374750	0	0	0	0	0	0	0	0	0	0	0	0	0	0	0	0	0	0	0	0	0	0	0	0	0	0	0	0	0	0	2	0	0	0	0	0	0	0	0	0	45	0	1	0	0	0	5	0	0	0	0	0	0	0	1	0	0	0	0	0	1	0	25	0
11373436	11374750	11375617	0	0	0	0	0	0	0	0	0	0	0	0	0	0	0	0	0	0	0	0	0	0	0	0	1	0	0	0	0	0	0	0	0	2	59	0	0	0	0	0	0	0	1	0	0	0	0	0	0	0	1	0	0	0	0	0	34	0	0	0	0	0	0	0
11374750	11375617	11380108	0	0	0	0	0	0	2	0	1	0	50	0	0	0	0	0	0	0	0	0	0	0	0	0	0	0	0	0	0	0	0	0	36	1	0	0	0	0	0	0	1	0	1	0	0	0	0	0	0	0	0	0	0	0	0	0	0	0	0	0	0	0	0	0
11375617	11380108	11382120	0	35	0	0	0	1	0	0	0	0	0	0	0	0	0	0	0	0	0	0	0	0	0	0	0	0	0	2	0	0	0	0	0	2	0	0	0	0	0	0	0	0	0	50	0	0	0	0	0	0	0	0	0	0	0	0	0	0	0	0	0	0	0	0
11380108	11382120	11384187	0	0	0	0	0	3	0	39	0	0	0	0	0	0	0	0	0	0	0	0	0	0	0	1	0	0	0	0	0	0	0	0	0	0	0	0	0	1	0	0	0	0	0	0	0	49	1	1	0	0	0	0	0	0	0	0	0	0	0	0	0	0	0	0
11382120	11384187	11385529	0	0	0	0	0	0	0	0	0	0	0	0	0	0	0	0	0	0	0	0	0	0	1	2	0	0	0	0	0	0	2	35	0	0	0	0	0	0	0	0	0	0	0	0	0	0	0	0	0	0	0	0	0	1	49	0	0	0	1	0	0	0	1	0
11384187	11385529	11387317	0	0	0	0	0	0	0	0	0	0	0	0	0	0	0	0	0	0	0	0	0	0	1	0	1	0	49	0	2	0	0	0	0	0	0	0	0	0	0	0	0	0	1	0	0	0	0	0	0	0	0	0	1	0	0	0	2	0	1	0	37	0	0	0
11385529	11387317	11388239	0	0	0	1	0	0	0	0	0	0	0	0	0	0	0	0	0	0	0	1	0	0	0	0	0	0	1	0	0	0	0	0	0	0	2	2	0	0	0	0	1	0	49	0	0	0	0	0	0	2	2	42	0	0	0	1	0	0	0	0	0	0	0	0
11387317	11388239	11389858	0	0	0	0	2	0	0	0	1	0	2	0	33	0	0	0	0	0	0	0	0	0	0	0	0	0	0	0	0	0	0	0	0	0	1	0	0	0	0	0	1	0	42	1	1	0	0	0	0	0	0	0	0	0	0	0	0	0	0	0	0	0	0	0
11388239	11389858	11392985	0	0	0	0	0	0	0	0	0	0	0	0	0	0	0	0	2	0	0	0	0	0	0	0	0	0	0	0	0	0	0	0	1	0	0	0	0	0	0	0	2	1	37	0	0	0	1	0	32	0	1	0	0	0	0	0	0	0	0	0	0	0	0	0
11389858	11392985	11393888	0	33	0	0	0	0	0	0	0	1	0	0	0	0	0	0	0	0	0	0	0	0	0	0	0	0	0	0	0	0	0	0	0	0	0	2	0	0	0	1	8	5	0	28	0	0	0	0	0	0	0	0	0	0	0	0	0	1	0	0	0	0	0	0
11392985	11393888	11394971	0	0	0	0	1	0	58	2	0	0	2	0	0	0	1	2	0	0	0	0	0	0	0	0	0	0	0	0	0	0	0	1	1	0	0	8	0	0	1	6	0	0	0	0	0	0	0	26	0	0	0	0	0	0	0	0	0	0	0	0	0	0	0	0
11393888	11394971	11395444	0	0	0	1	0	0	0	0	0	0	0	0	0	0	0	8	0	2	0	0	0	0	0	0	1	56	1	0	1	2	0	6	0	0	0	0	0	0	0	0	0	2	0	0	0	0	0	0	0	0	0	0	0	0	0	0	0	1	0	0	1	2	0	27
11394971	11395444	11396467	0	0	0	0	1	0	0	0	0	0	0	0	0	0	1	0	0	0	0	0	0	0	0	0	0	0	0	0	0	0	0	0	2	0	0	0	51	0	1	0	1	0	0	0	0	0	0	0	0	0	2	0	1	0	2	0	0	0	0	0	1	0	42	0
11395444	11396467	11398183	0	0	1	0	0	0	0	0	1	0	0	0	0	0	0	0	6	2	43	0	0	0	0	0	2	0	1	0	0	0	0	0	0	0	1	0	0	0	0	0	0	0	0	0	0	0	0	0	1	0	0	0	0	0	0	0	47	0	1	0	0	0	0	0
11396467	11398183	11400099	4	0	1	0	2	0	0	0	32	1	0	1	0	0	0	0	0	0	0	0	0	0	0	0	0	0	0	0	0	0	0	0	0	0	50	0	0	0	0	0	1	0	1	0	0	0	0	0	0	0	0	0	0	0	0	0	0	0	0	0	0	0	0	0
11398183	11400099	11402779	0	0	0	4	0	0	0	0	1	0	41	1	0	0	0	0	0	0	0	2	0	0	0	0	0	0	0	0	0	0	0	0	0	0	0	37	0	0	0	1	0	0	0	1	0	0	0	0	0	0	0	0	0	0	0	0	0	0	0	0	0	0	0	0
11400099	11402779	11403288	0	0	0	0	0	1	0	0	0	0	0	0	0	40	0	2	0	0	0	0	0	0	0	0	0	0	0	0	0	0	0	0	0	0	0	1	0	0	0	0	1	1	0	42	0	2	0	1	0	0	0	0	0	0	0	0	0	0	0	0	0	0	0	0
11402779	11403288	11404964	0	0	0	0	0	0	0	0	0	0	0	0	0	0	1	1	0	0	0	0	0	1	0	0	0	0	0	0	0	0	0	0	0	0	0	0	0	1	0	0	0	0	0	0	1	7	1	25	0	1	0	0	0	37	0	2	0	0	0	0	0	1	0	1
11403288	11404964	11406527	0	0	0	0	0	1	0	0	0	0	0	0	0	0	0	0	0	0	0	0	0	38	0	1	0	0	0	0	0	1	0	0	0	0	0	0	0	0	0	0	0	0	0	0	0	0	0	0	0	0	0	1	0	1	0	8	0	0	0	2	0	0	0	31
11404964	11406527	11406930	0	0	0	0	0	0	0	0	0	0	0	0	0	0	0	2	0	0	0	0	46	0	0	0	0	0	0	0	0	0	0	9	0	0	0	0	0	0	0	0	0	0	0	0	0	0	0	2	0	0	0	0	1	0	0	0	0	0	0	0	4	0	0	31
11406527	11406930	11410184	0	0	0	0	0	0	0	0	0	0	0	0	0	0	0	0	2	0	41	0	0	0	0	0	0	0	0	0	0	0	0	0	0	0	0	0	0	0	0	0	0	0	0	0	0	0	0	0	0	0	1	6	0	0	0	0	0	0	0	0	1	0	0	42
11406930	11410184	11410336	0	0	0	2	0	0	0	0	1	2	0	42	0	0	5	1	0	0	0	0	0	0	0	0	0	0	0	0	0	0	0	0	0	0	0	0	0	0	0	0	0	0	0	0	0	0	0	0	0	0	0	0	0	0	0	0	0	0	0	0	0	2	39	0
11410184	11410336	11410807	0	0	0	0	0	0	0	0	0	0	0	0	0	0	3	0	0	0	0	0	0	0	0	0	0	0	0	0	0	0	0	0	0	0	1	0	0	0	2	0	0	0	0	0	1	0	49	0	0	0	0	0	0	0	0	0	34	3	1	0	1	0	0	0
11410336	11410807	11411247	0	0	0	0	0	0	0	0	0	1	0	1	0	0	0	0	0	0	0	0	0	0	0	0	0	1	0	0	0	0	0	0	3	1	0	26	0	0	0	3	0	0	0	0	0	0	0	0	0	1	0	0	0	0	0	0	0	50	0	0	0	0	0	0
11410807	11411247	11411671	3	0	0	0	2	0	1	0	0	0	0	0	20	0	1	1	0	0	0	0	0	0	0	0	0	0	0	0	2	0	0	0	0	0	0	0	1	0	50	0	0	0	0	0	0	0	1	0	0	0	0	0	0	0	0	0	0	0	0	0	1	0	0	0
11411247	11411671	11412516	0	3	0	0	0	0	0	0	0	0	0	0	0	0	0	0	0	3	1	1	0	0	0	0	0	0	0	49	0	0	0	0	0	0	0	0	0	0	0	0	0	0	0	0	0	0	0	0	1	39	0	0	0	0	0	0	0	2	1	1	0	2	0	0
11411671	11412516	11413165	1	0	0	0	44	0	5	0	0	0	0	0	1	0	1	0	0	0	0	0	0	0	0	0	0	0	0	0	0	0	0	0	0	0	0	0	4	0	0	0	1	0	1	0	1	0	48	0	0	0	0	0	2	0	0	0	0	0	0	0	0	0	0	0
11412516	11413165	11413561	0	0	0	1	0	0	0	0	0	0	0	0	0	0	0	0	0	0	0	54	0	0	0	0	0	0	0	5	0	0	0	0	0	0	0	1	0	0	0	0	0	0	0	1	0	0	0	0	0	0	0	2	0	0	0	0	0	53	1	0	0	0	0	0
11413165	11413561	11414979	0	0	0	0	0	0	0	0	0	0	0	0	0	51	0	2	0	0	0	0	0	0	0	0	0	0	0	0	0	0	0	0	0	0	0	0	0	0	1	48	0	0	0	1	1	4	0	0	0	0	0	0	0	0	0	0	0	0	0	0	0	0	0	0
11413561	11414979	11415878	0	0	0	0	0	0	0	0	0	0	0	0	0	0	0	0	0	0	0	0	0	0	0	0	0	0	1	0	4	0	42	0	0	0	0	0	0	0	0	0	0	0	0	0	0	0	1	0	1	0	0	0	51	1	1	1	0	0	0	0	2	0	0	0
11414979	11415878	11418063	0	1	0	0	0	0	0	0	0	0	0	0	0	0	0	0	1	47	0	2	0	1	0	0	0	1	0	0	0	1	0	0	0	0	0	0	0	0	0	0	0	0	0	0	0	0	0	0	0	2	0	5	0	0	0	0	0	0	0	43	0	0	0	0
11415878	11418063	11418193	0	0	0	0	53	0	1	0	0	0	0	0	2	0	3	0	0	0	0	0	1	0	0	0	0	0	0	0	0	0	0	0	0	0	0	0	1	0	0	0	0	0	0	0	0	0	36	0	0	0	0	0	1	0	0	0	0	0	0	0	0	0	0	0
11418063	11418193	11418741	0	0	0	0	0	0	0	0	0	0	0	0	0	0	0	0	0	54	0	1	0	0	0	0	0	1	0	0	0	0	0	0	0	0	0	0	0	0	0	0	0	0	0	0	0	0	0	0	0	2	0	0	0	0	0	0	0	0	0	47	0	0	0	0
11418193	11418741	11420132	0	0	0	0	45	0	1	0	0	0	0	0	1	0	0	0	0	0	0	0	0	0	0	0	0	0	0	0	0	0	0	0	0	0	0	0	0	0	0	0	0	0	0	0	1	0	44	0	0	0	0	0	0	0	0	0	0	0	0	0	0	0	0	0
11418741	11420132	11421302	0	0	0	0	0	0	0	0	0	0	0	0	0	0	0	0	41	0	1	1	0	0	0	0	0	0	0	0	0	0	0	0	0	0	0	0	0	0	0	0	0	0	0	0	0	0	0	0	1	1	0	0	0	0	0	0	1	52	0	1	0	0	0	0
11420132	11421302	11421865	0	1	1	43	0	0	1	0	0	0	0	0	0	0	0	1	0	0	0	0	0	0	0	0	0	0	0	0	0	0	0	0	0	0	1	0	2	1	47	5	0	0	0	0	0	0	1	0	0	0	0	0	0	0	0	0	0	0	0	0	0	0	0	0
11421302	11421865	11422120	0	0	0	0	0	2	0	0	0	1	0	1	0	34	0	7	0	0	0	2	0	0	0	0	0	1	0	56	0	0	0	3	0	0	0	0	0	0	0	0	0	0	0	0	0	1	0	0	0	0	0	0	0	0	0	0	0	0	0	2	0	1	0	0
11421865	11422120	11423333	0	0	0	0	0	0	0	0	0	0	0	0	0	0	2	0	0	0	0	0	2	0	0	0	0	0	0	0	0	0	0	0	0	0	0	0	1	0	1	0	0	0	0	0	0	0	57	0	0	0	0	0	35	0	1	0	0	0	0	0	6	2	1	0
11422120	11423333	11425704	0	0	0	0	0	0	0	0	0	0	0	0	0	0	0	0	39	0	0	0	0	0	0	0	1	0	1	0	0	0	0	0	0	0	0	0	0	0	0	0	0	0	0	0	0	0	0	0	6	0	0	0	1	0	1	0	5	2	50	0	0	0	0	0
11423333	11425704	11426247	0	37	0	2	0	0	0	0	0	0	0	0	0	0	0	0	0	2	0	0	0	0	0	0	0	0	0	1	0	0	0	0	0	1	0	5	0	0	0	2	0	1	1	50	0	0	0	0	0	0	0	0	0	0	0	0	0	0	0	0	0	0	0	0
11425704	11426247	11426942	0	0	0	0	46	0	0	0	0	0	0	0	1	0	6	0	0	0	0	0	0	0	0	0	0	0	0	0	0	0	2	0	0	0	0	0	0	0	1	0	0	0	1	0	0	0	54	0	0	0	0	0	0	0	0	0	0	0	0	0	0	0	0	0
11426247	11426942	11426946	0	0	0	0	0	0	0	0	0	0	0	0	0	0	0	0	0	34	0	1	0	0	0	0	0	0	0	1	0	0	0	0	0	0	0	0	0	0	0	0	0	0	0	2	0	0	0	0	0	1	0	0	0	0	0	0	0	1	0	67	0	0	0	0
11426942	11426946	11426957	0	0	0	0	0	2	0	32	0	0	0	1	0	0	0	1	0	0	0	0	0	0	0	0	0	0	0	0	0	0	0	0	0	0	0	0	0	0	0	1	0	0	0	0	1	72	1	0	0	0	0	0	0	0	0	0	0	0	0	0	0	0	0	0
11426946	11426957	11426969	0	0	0	0	0	0	0	0	0	0	0	0	0	0	0	0	0	0	0	0	1	0	0	2	0	0	0	0	1	3	0	27	0	0	0	0	0	0	0	0	0	0	0	0	0	0	0	1	0	1	0	0	0	70	0	0	0	1	0	0	0	0	0	1
11426957	11426969	11427682	0	0	0	0	0	0	1	0	0	0	0	0	0	0	0	0	0	0	0	0	4	0	58	0	0	0	0	0	1	0	0	0	0	0	0	0	0	0	1	0	0	0	0	0	0	0	0	0	2	0	0	0	3	0	0	0	0	0	0	0	35	0	1	0
11426969	11427682	11429573	3	0	0	0	0	0	0	0	0	0	0	0	0	0	0	0	3	0	3	0	0	0	0	0	7	1	50	1	0	0	0	0	0	0	0	0	0	0	0	0	0	0	0	0	0	0	0	0	33	0	0	0	0	0	0	0	1	0	0	0	0	0	0	0
11427682	11429573	11429768	41	0	1	0	0	0	0	0	1	0	2	0	0	0	0	0	0	0	0	0	0	0	0	0	0	0	0	0	0	0	0	0	2	0	8	0	0	0	0	1	4	0	49	1	0	0	1	0	0	0	0	0	0	0	0	0	0	0	0	0	0	0	0	0
11429573	11429768	11430346	0	5	0	47	0	0	0	0	6	1	0	4	0	0	0	0	0	0	0	0	0	0	0	0	0	0	0	0	1	0	0	0	3	0	0	2	0	0	0	0	53	0	0	7	1	0	0	0	0	0	0	0	0	0	0	0	1	0	0	0	0	0	0	0
11429768	11430346	11431765	2	0	0	0	0	0	0	4	0	0	0	0	2	0	0	41	0	0	0	0	0	0	0	0	0	0	0	0	0	0	0	0	58	0	1	0	0	0	0	0	0	0	0	0	11	0	0	1	1	0	0	0	0	0	0	0	0	0	0	0	0	0	0	0
11430346	11431765	11432711	0	1	61	0	0	0	0	0	0	0	1	0	0	0	0	0	0	0	0	0	0	0	0	0	0	0	0	0	0	5	0	0	0	0	0	0	0	0	0	0	0	0	0	0	0	0	0	0	0	0	12	0	0	0	0	0	0	0	0	0	0	33	4	2
11431765	11432711	11435346	0	0	0	0	3	0	0	0	59	0	2	0	0	0	0	0	0	0	0	0	0	0	0	0	0	0	0	0	0	0	0	0	0	0	0	0	0	0	0	0	0	0	0	0	0	0	0	0	0	0	0	0	0	0	36	0	0	0	3	0	0	0	2	0
11432711	11435346	11436846	0	0	0	0	0	0	0	0	0	0	0	0	0	0	0	0	0	0	2	0	0	0	0	0	35	0	0	0	0	0	0	0	3	1	49	1	0	0	0	0	3	0	2	0	0	0	0	0	0	0	0	0	0	0	0	0	3	0	0	0	0	0	0	0
11435346	11436846	11439940	0	0	3	0	0	0	0	1	1	4	4	38	0	0	0	1	0	0	0	0	0	0	0	0	0	0	0	0	0	0	0	0	0	0	38	0	0	0	0	0	0	1	0	1	0	0	0	0	0	0	0	0	0	0	0	0	0	0	0	0	0	0	0	0
11436846	11439940	11440957	0	0	0	0	0	0	0	0	1	2	0	36	0	0	0	1	0	0	0	0	0	0	0	0	0	0	0	0	0	1	0	0	0	1	0	0	0	5	0	0	0	2	0	1	0	41	1	0	0	0	0	0	0	0	0	0	0	0	0	0	0	1	0	0
11439940	11440957	11441950	0	0	0	0	0	0	1	0	0	0	0	0	0	0	1	0	0	0	0	0	0	0	5	0	0	0	0	0	0	0	0	0	1	0	0	0	1	0	3	0	0	0	0	0	43	0	1	0	0	0	0	0	3	0	45	0	0	0	1	0	2	0	1	0
11440957	11441950	11444815	0	0	0	1	0	0	0	0	0	0	0	0	0	0	0	0	0	2	0	1	0	0	0	0	0	48	0	0	0	0	0	0	0	0	0	0	0	0	0	0	0	1	0	0	0	0	0	0	0	0	0	44	0	0	0	0	0	3	0	0	0	0	0	0
11441950	11444815	11446560	0	0	0	0	0	2	0	1	0	0	0	0	4	7	1	38	0	0	0	0	0	0	0	0	0	0	0	0	0	0	0	0	0	0	0	0	0	46	1	2	0	0	0	0	0	0	0	0	0	0	0	0	0	0	0	0	0	0	0	0	0	0	0	0
11444815	11446560	11448639	0	0	0	0	0	0	0	0	0	0	0	0	0	0	0	0	0	0	0	0	2	0	40	1	0	0	1	0	1	0	3	0	0	0	0	0	0	0	0	0	0	0	0	0	0	0	0	0	2	0	1	0	7	0	1	0	1	0	0	0	35	0	0	2
11446560	11448639	11451434	0	0	2	0	0	0	0	0	0	0	1	0	0	0	0	0	0	0	8	1	0	0	0	0	1	0	0	30	0	0	0	1	0	0	1	0	0	0	0	0	0	0	0	0	0	0	0	0	0	1	31	0	0	0	0	0	0	1	0	2	0	0	2	0
11448639	11451434	11452363	0	0	0	0	0	0	1	0	1	0	39	1	1	0	0	0	0	0	0	0	0	0	0	0	0	0	0	0	0	0	0	0	0	0	0	0	1	0	0	0	0	0	1	0	31	0	2	0	0	0	0	0	0	0	0	0	0	0	2	0	1	0	0	0
11451434	11452363	11454904	0	0	0	0	0	0	0	0	0	0	0	1	0	0	0	0	0	1	0	0	0	0	0	0	0	0	0	1	0	0	0	0	0	0	0	1	0	0	0	0	0	2	0	36	0	0	0	0	0	36	1	0	1	0	0	0	0	2	0	0	0	0	0	0
11452363	11454904	11454962	0	0	0	0	1	0	33	0	0	0	1	0	1	0	0	0	0	0	1	0	0	0	0	0	0	0	0	0	0	0	0	0	0	0	0	0	1	0	2	0	0	0	0	0	31	0	4	0	0	0	0	0	0	0	0	0	0	0	0	0	0	0	0	0
11454904	11454962	11457237	0	0	0	0	0	0	0	0	1	0	0	0	0	0	0	0	1	0	1	0	0	0	0	0	2	1	39	0	0	0	0	0	0	0	0	0	0	0	0	0	0	0	1	0	0	0	0	0	28	2	0	0	0	0	0	0	3	0	0	0	0	0	0	0
11454962	11457237	11457377	31	0	0	0	2	0	0	0	0	0	1	0	0	0	0	0	0	0	0	0	0	0	0	0	0	0	0	0	0	0	0	0	5	0	1	0	0	0	1	0	1	0	40	0	0	0	0	0	0	0	0	0	0	0	0	0	0	0	0	0	0	0	0	0
11457237	11457377	11457582	0	47	0	1	0	1	0	0	0	0	0	1	0	0	0	0	1	2	0	0	0	0	0	0	0	0	0	1	0	0	0	0	0	0	0	1	0	0	0	0	4	2	0	61	0	0	0	0	0	0	0	0	0	0	0	0	0	0	0	0	0	0	0	0
11457377	11457582	11457738	0	1	0	0	2	41	1	5	0	0	0	0	0	2	0	1	0	0	0	0	0	1	0	0	0	0	0	0	0	0	0	0	1	2	0	1	0	1	0	1	0	0	0	0	0	2	0	58	0	0	0	0	0	0	0	0	0	0	0	0	0	0	0	0
11457582	11457738	11458115	0	0	2	0	1	0	1	0	0	0	0	0	0	0	1	0	2	0	0	0	43	0	0	0	1	0	0	0	4	0	1	0	0	0	0	0	0	0	0	0	0	0	0	0	0	0	0	0	0	0	0	0	2	0	2	0	0	0	0	0	0	0	56	0
11457738	11458115	11458138	0	2	0	0	0	0	0	0	0	0	0	2	0	0	0	0	0	40	0	4	0	0	0	0	0	0	0	3	0	0	0	0	0	1	0	0	0	0	0	0	0	0	0	0	0	0	0	0	0	6	0	0	0	0	0	0	0	2	0	51	0	0	0	0
11458115	11458138	11458158	0	0	0	0	47	0	1	0	0	0	0	0	3	0	0	0	0	0	0	0	0	0	0	0	0	0	0	0	0	0	1	0	0	0	1	0	0	0	1	0	0	0	0	0	0	0	58	0	0	0	0	0	0	0	0	0	0	0	0	0	0	0	0	0
11458138	11458158	11458248	0	0	0	0	0	0	0	0	1	0	0	0	0	0	0	0	1	0	1	43	0	0	0	0	1	0	0	1	0	0	0	0	0	0	0	0	0	0	0	0	0	0	0	0	0	0	0	0	0	0	0	3	0	0	0	0	60	0	0	0	0	0	0	0
11458158	11458248	11459432	0	0	0	0	0	0	0	0	1	0	0	0	42	0	0	0	0	0	0	0	0	0	0	0	0	0	0	0	0	0	0	0	1	0	60	0	0	0	0	0	0	0	0	0	1	0	0	0	0	0	0	0	0	0	0	0	0	0	0	0	0	0	0	0
11458248	11459432	11459780	0	0	0	2	0	0	0	0	0	1	0	59	0	0	0	0	0	0	0	0	0	0	0	0	0	0	0	0	0	0	0	0	0	1	0	0	0	0	0	0	0	0	0	0	0	0	0	0	1	37	1	5	0	0	0	0	0	0	0	0	0	0	0	0
11459432	11459780	11459794	0	1	0	0	0	31	1	1	0	1	0	0	0	4	0	2	0	0	0	0	0	0	0	0	0	0	0	0	0	0	0	0	0	0	0	0	0	0	0	1	0	0	0	1	0	1	0	59	0	0	0	0	0	0	0	0	0	0	0	0	0	0	0	1
11459780	11459794	11460351	0	0	0	0	0	1	0	0	0	0	0	0	0	0	0	0	0	0	0	0	0	30	1	0	0	0	1	0	0	1	0	1	0	0	0	0	0	1	0	0	0	0	0	0	0	0	0	1	0	0	0	0	2	0	0	2	0	0	0	0	0	0	0	60
11459794	11460351	11460364	0	0	0	0	0	0	0	0	0	0	0	0	0	0	0	0	0	0	1	0	0	29	1	2	0	0	0	0	0	0	2	0	0	0	0	0	0	0	0	0	0	1	0	0	0	0	0	0	0	0	0	0	0	1	0	0	0	0	0	0	1	0	60	1
11460351	11460364	11460668	0	0	0	0	0	0	0	0	1	0	0	0	0	0	0	0	0	0	0	0	41	1	1	0	2	0	0	0	3	0	0	0	0	0	0	0	1	0	0	0	0	0	0	0	0	0	0	0	0	1	0	0	0	0	0	0	1	55	0	5	0	1	0	0
11460364	11460668	11462903	0	0	0	0	1	0	0	0	0	0	0	0	0	0	0	0	1	0	30	1	0	0	1	0	0	0	1	0	0	0	0	0	1	0	1	0	42	0	0	0	0	0	0	0	4	0	0	0	0	0	3	0	1	0	0	0	0	0	0	0	0	0	0	0
11460668	11462903	11462956	1	0	1	0	0	0	0	0	3	6	25	1	0	0	1	0	44	0	1	0	0	0	0	0	0	0	1	0	0	0	0	0	0	0	0	0	0	0	0	0	0	0	1	0	0	0	0	0	4	0	0	0	0	0	0	0	0	0	0	0	0	0	0	0
11462903	11462956	11463492	0	56	0	0	0	0	0	0	0	1	0	2	0	0	0	0	0	1	0	0	0	0	0	0	0	0	0	0	0	0	0	0	0	0	0	3	0	0	0	5	0	1	0	29	0	0	0	1	0	1	0	0	0	0	0	0	0	0	0	1	0	0	0	0
11462956	11463492	11463495	0	0	0	0	57	0	2	1	0	0	0	0	1	0	3	0	0	0	0	0	0	0	0	0	0	0	0	0	0	0	5	0	0	0	0	0	1	0	1	0	0	0	0	0	1	3	30	2	0	0	0	0	0	0	0	0	0	0	0	0	0	0	2	0
11463492	11463495	11463744	0	0	0	0	0	0	0	0	0	0	0	0	0	0	0	0	8	44	0	0	0	0	0	0	1	0	0	0	1	0	0	0	0	0	0	0	0	0	0	0	0	0	0	0	0	0	0	0	2	0	0	0	3	0	0	0	40	0	2	0	2	0	0	0
11463495	11463744	11464290	9	0	1	0	39	1	2	0	0	0	0	0	0	0	0	0	1	0	1	0	0	0	0	0	0	0	0	0	0	0	0	0	2	0	34	0	0	0	0	0	0	0	2	0	0	0	0	0	1	0	1	1	0	0	0	0	0	0	0	0	0	0	0	0
11463744	11464290	11464914	3	0	8	0	0	0	0	0	37	0	0	1	2	0	0	0	1	0	41	0	0	0	1	0	1	0	1	0	0	0	0	0	0	0	0	0	0	0	0	0	2	0	0	0	0	0	0	0	0	0	0	0	0	0	0	0	0	0	0	0	0	0	0	0
11464290	11464914	11465037	3	0	1	0	0	0	0	0	1	0	50	2	0	0	0	0	0	0	0	0	0	0	0	0	0	0	1	0	0	0	0	0	38	0	3	0	0	0	0	0	0	0	2	0	1	0	0	0	2	0	0	0	0	0	0	0	0	0	0	0	0	0	0	0
11464914	11465037	11465745	2	0	39	0	0	0	0	0	2	0	2	0	0	0	0	0	0	0	0	0	0	0	0	0	0	0	0	0	0	0	0	0	1	0	0	0	0	0	0	0	54	0	0	0	1	0	0	0	0	0	1	0	0	0	0	0	0	0	0	0	0	0	0	0
11465037	11465745	11466163	2	0	1	0	0	0	0	0	32	0	5	0	0	0	0	0	0	0	0	0	0	0	0	0	0	0	0	0	0	0	0	0	1	1	54	0	0	0	0	0	2	0	0	0	0	0	0	0	0	0	1	0	0	0	0	0	0	0	0	0	0	0	0	0
11465745	11466163	11466391	2	0	1	0	1	0	0	0	56	0	1	1	0	0	0	0	0	0	0	0	0	0	0	0	0	0	0	0	0	0	0	0	4	0	39	0	0	0	0	0	2	0	3	0	0	0	0	0	0	0	0	0	0	0	0	0	0	0	0	0	0	0	0	0
11466163	11466391	11466509	0	1	0	5	0	0	0	0	1	4	0	36	0	0	0	0	0	1	0	0	0	0	0	0	0	0	0	0	0	0	0	0	0	59	0	3	0	0	0	0	0	1	0	4	0	1	0	0	0	0	0	0	0	0	0	0	0	0	0	0	0	0	0	0
11466391	11466509	11467132	0	0	0	0	0	1	0	57	0	0	0	0	0	6	0	1	0	0	0	0	0	0	0	0	0	0	0	0	0	0	0	0	0	0	0	1	0	2	1	2	0	0	0	0	0	31	1	3	0	0	0	0	0	0	0	1	0	0	0	0	0	0	0	0
11466509	11467132	11467133	0	0	0	0	0	0	0	0	0	0	0	0	0	0	0	0	0	0	0	0	0	0	3	0	0	1	0	0	55	0	3	1	0	0	0	0	0	0	0	0	0	0	0	0	0	0	0	0	0	0	0	0	2	0	36	0	0	0	1	0	3	0	0	0
11467132	11467133	11467162	0	0	0	0	0	0	0	0	0	0	0	0	0	0	0	0	1	0	0	0	0	0	0	0	31	0	0	3	0	0	0	0	0	0	0	0	1	0	0	0	1	0	0	0	0	0	0	0	1	2	1	62	0	0	0	0	1	0	0	2	0	0	0	1
11467133	11467162	11467175	0	0	2	0	0	0	0	2	0	0	1	0	0	0	0	64	0	0	3	0	0	0	0	0	0	0	0	0	0	0	0	0	0	0	31	2	0	0	0	0	0	0	0	0	0	0	3	2	0	0	0	0	0	0	0	0	0	0	0	0	0	0	0	1
11467162	11467175	11469172	0	0	0	0	0	0	0	0	21	1	1	1	1	0	0	0	0	0	0	0	0	0	0	0	0	0	0	0	0	0	1	0	0	0	0	0	0	0	0	0	1	0	0	0	0	0	0	0	0	0	0	0	0	0	0	0	3	0	0	0	0	1	57	1
11467175	11469172	11469759	0	0	0	0	0	0	0	0	0	0	0	0	0	0	0	0	0	0	0	0	0	0	0	0	0	0	0	0	0	0	0	0	28	0	0	0	1	0	0	0	1	0	0	0	1	0	0	0	1	0	0	0	0	0	1	0	1	0	53	1	0	0	1	0
11469172	11469759	11469994	0	0	0	32	0	0	0	0	0	0	0	0	0	0	0	0	0	0	0	2	0	0	0	0	0	0	1	0	0	0	0	0	0	0	1	1	0	0	0	0	1	0	49	9	0	0	0	1	0	0	0	1	0	0	0	0	0	0	1	0	0	0	0	0
11469759	11469994	11470337	0	0	0	0	0	0	1	0	1	0	0	0	1	0	44	0	0	0	0	0	0	0	0	0	0	0	0	0	0	0	0	0	1	0	0	0	0	0	0	0	40	0	7	1	6	1	1	1	0	0	0	0	0	0	0	0	0	0	0	0	0	0	0	1
11469994	11470337	11470938	1	0	0	0	0	0	0	0	0	0	0	0	0	0	0	0	0	0	0	0	0	0	0	0	0	1	0	0	0	0	0	0	40	0	0	0	0	0	0	0	6	0	0	0	1	0	0	0	5	1	1	0	1	0	0	0	1	37	0	2	2	0	0	0
11470337	11470938	11471152	3	0	45	0	1	0	0	0	0	0	1	0	0	0	0	0	0	0	1	0	0	0	0	0	0	0	0	0	0	0	0	0	1	1	5	0	37	2	0	0	0	0	0	0	1	0	0	0	0	0	3	0	0	0	0	0	0	0	0	0	0	0	0	0
11470938	11471152	11473186	2	3	0	0	0	1	0	0	0	47	0	0	0	0	0	0	29	2	0	0	1	0	0	0	0	0	0	0	0	0	0	0	0	0	0	0	0	0	0	0	0	1	0	0	0	0	0	0	1	0	0	0	0	0	0	0	0	0	0	0	0	0	0	0
11471152	11473186	11473362	24	0	3	1	2	0	3	0	0	0	0	0	0	0	0	0	0	0	0	0	0	1	0	0	0	0	0	0	0	0	0	0	0	0	0	0	0	0	48	0	0	0	0	0	0	0	0	0	0	0	0	0	0	0	0	0	0	0	0	0	0	0	0	0
11473186	11473362	11473699	1	18	0	2	0	0	0	0	0	2	0	0	0	1	0	0	0	0	0	0	0	0	0	1	0	0	0	44	0	0	0	0	0	0	0	0	0	0	0	0	0	0	0	0	0	0	0	0	0	0	0	0	0	0	0	0	0	0	0	0	0	0	0	0
11473362	11473699	11473703	0	0	0	1	1	16	1	0	0	0	0	0	0	1	0	1	0	0	0	0	0	0	0	0	0	0	0	0	0	0	0	1	0	0	0	0	0	2	0	0	0	0	0	0	0	1	1	44	0	0	0	0	0	1	0	0	0	0	0	0	0	0	0	0
11473699	11473703	11473704	0	0	0	0	0	0	0	0	0	0	0	0	0	1	0	0	0	1	0	0	0	0	24	0	1	0	0	0	0	0	0	0	0	0	0	0	0	0	0	0	0	0	0	0	0	0	0	0	0	0	0	0	1	0	1	0	2	0	0	0	44	1	0	1
11473703	11473704	11473707	0	0	0	0	0	1	0	0	0	0	0	0	0	0	0	0	0	0	0	0	0	0	0	0	0	29	0	0	0	0	0	0	2	0	0	1	0	0	0	0	0	0	0	0	0	0	0	0	0	0	0	64	0	8	0	2	0	0	0	0	0	0	0	1
11473704	11473707	11473988	0	1	1	0	0	0	0	0	0	0	0	0	55	1	0	0	0	0	0	0	0	2	6	1	0	0	0	0	2	0	0	0	0	0	0	0	0	0	26	0	0	0	0	0	0	0	0	0	0	0	0	0	0	0	0	0	0	0	0	0	1	0	0	0
11473707	11473988	11474872	0	0	0	0	0	0	0	1	0	0	0	0	0	0	0	0	0	0	0	0	0	0	0	2	4	0	0	28	0	0	0	0	0	0	0	0	0	0	0	0	0	0	0	0	0	0	0	0	49	0	2	0	1	0	0	0	0	0	0	0	0	0	0	0
11473988	11474872	11474874	48	2	0	0	0	0	0	0	2	0	0	0	0	0	0	0	1	0	0	0	0	0	0	0	0	0	0	0	0	0	3	0	2	0	1	0	0	0	0	0	0	0	0	0	4	1	24	0	0	0	0	0	0	0	0	0	0	0	0	0	0	0	0	0
11474872	11474874	11475860	33	0	24	1	1	0	1	0	0	0	1	0	0	0	0	0	0	0	0	0	0	0	0	0	0	0	0	0	0	0	0	0	2	0	0	0	0	0	0	0	0	0	0	0	0	0	0	0	1	0	1	0	0	0	0	0	0	1	22	0	0	0	0	0
11474874	11475860	11476781	32	1	1	0	0	0	0	0	23	0	2	1	1	0	0	0	1	0	0	0	0	0	0	0	0	0	0	0	0	0	0	0	0	0	0	0	0	0	1	0	2	0	19	0	0	0	0	0	0	0	0	0	0	0	0	0	0	0	0	0	0	0	0	0
11475860	11476781	11476819	24	1	1	5	0	0	0	0	0	1	0	0	0	0	0	0	0	0	0	0	0	0	0	0	0	0	2	0	0	0	0	0	21	0	3	0	0	0	0	0	1	0	21	0	1	0	0	0	1	0	0	0	0	0	0	0	0	0	0	0	0	0	0	0
