Position1	Position2	Position3	count_AAA	count_AAT	count_AAG	count_AAC	count_ATA	count_ATT	count_ATG	count_ATC	count_AGA	count_AGT	count_AGG	count_AGC	count_ACA	count_ACT	count_ACG	count_ACC	count_TAA	count_TAT	count_TAG	count_TAC	count_TTA	count_TTT	count_TTG	count_TTC	count_TGA	count_TGT	count_TGG	count_TGC	count_TCA	count_TCT	count_TCG	count_TCC	count_GAA	count_GAT	count_GAG	count_GAC	count_GTA	count_GTT	count_GTG	count_GTC	count_GGA	count_GGT	count_GGG	count_GGC	count_GCA	count_GCT	count_GCG	count_GCC	count_CAA	count_CAT	count_CAG	count_CAC	count_CTA	count_CTT	count_CTG	count_CTC	count_CGA	count_CGT	count_CGG	count_CGC	count_CCA	count_CCT	count_CCG	count_CCC
10766895	10766948	10767078	0	11	0	1	3	200	7	5	0	0	0	1	1	23	2	7	0	0	0	11	2	9	0	2	0	0	0	0	10	6	2	387	0	0	0	1	0	4	0	1	0	1	0	0	0	1	0	3	0	0	0	0	2	10	0	0	0	2	0	0	0	0	0	3
10766948	10767078	10767310	0	0	0	0	0	0	0	12	0	0	0	0	0	10	0	3	0	0	0	7	4	3	1	212	0	0	1	7	1	1	0	7	0	0	0	0	0	0	0	3	0	0	0	0	0	0	0	1	0	8	0	2	0	2	0	26	0	1	0	3	5	317	5	45
10767078	10767310	10767465	0	0	0	0	8	0	0	0	0	0	0	0	3	1	6	0	2	0	3	0	3	0	4	0	0	0	1	0	39	12	228	1	0	0	0	0	1	0	0	0	0	0	1	0	1	1	8	0	5	1	1	0	345	11	0	1	5	0	0	0	53	1	5	2
10767310	10767465	10768208	6	0	2	0	0	0	0	1	0	1	4	0	0	0	0	0	186	3	108	4	6	0	1	0	0	0	4	0	0	0	1	0	4	0	0	0	0	0	0	0	0	0	2	0	0	0	0	0	25	0	52	0	1	0	13	0	2	3	236	1	2	0	1	0
10767465	10768208	10768636	4	244	2	1	0	3	0	0	4	138	2	34	0	3	0	0	0	7	0	1	0	0	0	0	0	1	0	12	0	1	0	0	0	1	0	2	0	0	0	5	8	12	3	238	0	1	0	1	0	3	0	0	0	0	0	0	0	1	0	1	0	0	0	0
10768208	10768636	10768808	1	4	2	0	6	216	47	1	0	0	2	0	0	0	4	0	0	0	0	0	0	4	0	1	0	0	0	0	0	0	5	0	0	3	9	0	6	115	38	2	0	1	5	0	1	11	296	1	0	0	0	0	0	3	2	0	0	0	0	0	0	0	1	0
10768636	10768808	10768891	0	0	0	1	0	0	0	9	8	0	0	3	0	0	0	0	1	0	0	14	7	1	0	378	16	0	0	82	0	0	0	3	0	0	0	0	0	0	0	1	5	0	0	3	0	0	0	0	1	0	0	0	9	0	0	1	342	8	1	14	1	0	0	0
10768808	10768891	10768939	1	1	0	0	0	0	0	0	0	0	0	0	14	0	0	0	10	5	0	0	1	0	0	0	0	0	0	0	374	3	1	3	48	327	3	1	0	9	0	0	0	1	0	0	87	15	1	0	1	1	0	0	0	0	0	0	0	0	0	0	3	0	0	0
10768891	10768939	10769055	1	50	1	8	9	315	4	0	0	3	0	0	0	1	0	0	0	0	0	1	1	8	0	0	0	0	0	0	0	0	0	0	0	0	0	0	0	1	0	0	0	0	0	0	0	0	0	0	20	33	18	383	4	10	0	4	0	1	0	1	0	0	0	3
10768939	10769055	10769188	0	15	0	2	3	26	1	58	0	15	0	5	7	338	10	9	0	0	0	13	4	4	0	338	0	0	0	4	0	2	0	1	0	0	0	0	0	0	1	4	0	0	0	0	0	1	0	0	0	0	0	0	0	0	0	1	0	0	0	0	0	3	0	0
10769055	10769188	10769279	0	0	0	0	1	1	14	0	0	0	0	0	15	1	1	0	6	0	1	0	8	1	22	1	2	0	0	0	407	12	1	1	0	0	0	0	0	2	13	0	0	0	0	0	8	0	1	0	0	0	6	0	20	46	272	2	1	1	7	0	3	0	7	0
10769188	10769279	10769309	1	0	0	5	0	0	0	0	0	6	0	1	0	0	0	0	1	18	1	10	1	39	1	13	7	277	7	49	0	2	0	0	0	2	0	1	0	1	0	0	0	5	0	3	0	0	0	0	7	3	0	441	1	1	0	11	1	8	0	2	0	0	0	1
10769279	10769309	10769457	0	8	0	1	0	5	0	18	0	0	0	1	5	464	8	7	0	1	0	1	1	7	2	38	0	0	0	1	1	15	0	10	0	0	1	8	8	49	4	256	0	1	0	7	4	12	0	42	0	0	0	0	0	0	0	4	0	0	0	0	0	1	0	0
10769309	10769457	10769533	0	0	0	0	0	0	0	8	0	0	1	0	1	1	7	0	0	0	7	2	2	3	54	1	0	0	5	1	5	22	264	5	0	0	0	0	0	0	0	0	0	0	0	0	0	0	8	0	0	0	6	5	13	7	14	437	1	0	1	6	0	6	48	2
10769457	10769533	10769614	0	0	0	0	0	0	0	0	13	0	0	0	1	0	4	0	2	0	13	0	2	0	7	0	58	0	9	2	3	4	390	7	0	0	1	0	0	0	0	0	5	0	1	0	0	0	6	0	4	0	0	0	19	3	3	3	269	5	28	9	7	0	1	0
10769533	10769614	10769678	0	6	0	0	0	0	0	0	1	0	0	13	0	0	0	0	0	18	0	0	0	3	0	0	1	5	0	5	0	3	0	0	16	305	6	10	0	3	0	1	2	32	0	3	0	9	0	0	0	8	0	3	0	0	0	4	11	3	2	366	0	0	0	7
10769614	10769678	10769720	0	2	14	0	9	17	310	10	0	0	6	1	0	4	9	0	0	0	0	0	0	0	8	0	0	0	0	0	0	6	0	0	0	15	1	0	0	8	35	0	0	1	0	1	11	385	4	4	0	0	0	0	0	0	12	1	0	0	0	0	0	7	0	0
10769678	10769720	10770325	0	0	0	0	1	0	14	2	1	0	0	12	0	0	0	0	0	1	1	7	1	1	3	16	8	12	10	280	0	0	1	11	0	0	0	0	0	0	1	0	0	0	0	5	0	0	1	0	0	1	9	0	4	13	403	2	0	0	5	8	0	0	4	0
10769720	10770325	10770334	0	0	0	0	0	0	1	1	0	0	8	1	2	0	0	5	1	0	5	0	0	0	13	0	2	7	421	1	3	1	3	14	0	0	3	7	2	0	4	6	2	1	7	7	20	7	45	244	0	0	0	0	0	0	0	1	0	0	6	1	1	0	0	10
10770325	10770334	10770335	1	1	0	1	0	0	0	0	1	0	6	3	8	1	0	0	2	0	0	0	0	0	0	0	2	1	14	4	9	0	0	0	2	0	2	1	2	0	6	0	15	7	441	3	10	0	1	0	23	1	3	2	5	0	1	2	10	1	2	41	297	4	2	7
10770334	10770335	10770361	1	10	0	24	1	0	0	3	0	1	0	5	0	1	0	4	2	2	0	3	0	0	0	0	1	6	0	1	0	1	0	2	2	19	1	13	0	11	1	1	9	466	3	10	0	20	0	43	7	78	2	292	2	0	0	5	0	1	0	2	1	2	0	4
10770335	10770361	10770415	10	0	0	0	91	2	8	1	2	0	0	0	304	3	0	5	3	0	0	0	1	0	8	0	0	0	1	0	8	1	0	0	2	0	7	0	57	8	385	4	1	0	1	0	10	1	6	0	0	0	0	0	20	0	1	1	0	0	0	0	49	1	0	0
10770361	10770415	10770503	9	2	2	1	0	0	0	0	0	0	7	0	0	0	0	0	86	4	58	3	0	1	9	0	2	3	377	7	1	1	4	0	1	0	1	1	0	0	0	0	0	0	2	0	0	0	0	0	295	13	12	10	4	0	2	0	0	0	3	0	3	1	0	0
10770415	10770503	10770640	55	4	2	291	2	1	0	12	54	1	1	14	3	0	0	10	0	0	0	4	1	0	0	0	9	0	0	1	0	0	0	0	1	0	0	0	3	0	0	0	369	6	1	4	6	0	0	0	0	0	0	4	1	0	0	0	4	0	0	0	0	0	0	0
10770503	10770640	10770678	7	0	41	0	1	0	2	0	0	1	1	0	20	20	237	2	6	0	1	0	0	0	1	0	0	0	0	0	1	1	11	0	444	4	5	9	7	0	1	0	1	0	1	0	7	2	9	1	7	0	4	0	0	0	0	0	0	0	0	0	0	1	10	1
10770640	10770678	10770691	6	10	457	3	0	0	3	0	48	1	3	0	0	1	6	0	1	0	8	0	0	0	1	0	3	1	0	0	0	0	0	0	0	0	1	0	1	0	0	0	2	0	0	0	0	0	0	0	14	0	12	1	23	0	2	0	234	5	37	3	4	0	0	0
10770678	10770691	10770733	4	0	0	21	11	0	0	0	464	12	4	7	3	0	0	1	3	0	0	25	0	0	0	0	5	0	0	2	0	0	0	0	13	13	0	281	0	0	1	6	5	2	0	34	0	0	0	6	1	0	0	4	1	0	0	0	6	0	0	0	0	0	0	0
10770691	10770733	10771725	0	4	1	17	0	4	0	10	0	0	0	0	11	49	1	254	1	11	0	0	0	0	0	0	0	0	0	1	1	0	0	6	6	460	4	4	0	12	0	1	0	4	0	0	2	11	0	41	0	3	0	0	0	0	0	0	0	0	0	0	0	3	0	3
10770733	10771725	10771851	6	0	0	0	458	22	14	7	4	0	1	0	2	2	18	0	0	0	0	0	14	0	5	0	0	0	0	0	0	1	9	0	0	0	0	0	4	0	0	0	0	0	0	0	0	0	1	0	0	1	12	0	3	4	56	2	0	0	1	0	3	8	295	1
10771725	10771851	10771899	1	6	0	0	0	0	0	1	0	2	0	17	0	0	0	0	12	546	8	1	0	23	0	4	6	12	4	64	1	9	0	0	0	6	0	0	0	0	0	0	0	1	0	1	0	0	0	0	0	1	0	4	0	2	0	9	12	26	5	326	0	0	0	1
10771851	10771899	10771962	13	0	0	0	527	21	4	10	8	0	0	0	1	0	0	2	0	0	0	0	20	0	0	2	0	0	0	0	4	0	1	7	3	1	0	14	12	0	1	23	2	0	0	5	23	6	11	298	1	0	0	0	8	0	0	1	0	0	0	0	0	0	0	1
10771899	10771962	10771984	0	3	16	0	0	1	0	0	0	0	0	0	3	11	2	0	11	13	573	2	1	0	19	0	0	1	4	0	1	20	17	0	1	1	8	0	0	0	1	0	0	0	0	0	0	5	0	0	2	23	6	0	0	6	0	0	2	9	0	1	19	287	34	2
10771962	10771984	10772043	13	0	1	0	13	3	25	0	599	16	6	4	1	0	0	1	1	0	0	0	2	0	5	0	20	0	0	0	0	0	0	0	0	0	2	0	1	0	10	0	4	0	1	0	0	0	1	0	2	1	20	0	33	12	291	4	15	1	41	0	1	0	1	0
10771984	10772043	10772208	1	2	1	12	0	1	0	0	0	17	1	0	0	0	0	0	0	35	2	12	1	22	0	0	14	292	31	13	0	2	0	1	9	9	6	610	0	2	0	17	2	39	2	4	0	1	0	2	0	0	1	1	0	0	0	0	0	2	0	0	0	0	0	1
10772043	10772208	10772239	2	1	7	0	39	1	5	1	4	1	4	1	94	39	493	4	1	0	0	0	24	0	1	0	0	0	0	0	3	2	11	0	15	0	0	1	339	9	0	4	31	0	1	2	13	2	0	1	0	0	0	0	2	1	0	0	0	0	0	0	2	0	2	0
10772208	10772239	10774030	1	13	1	0	0	0	0	1	1	0	0	5	0	1	0	0	14	341	6	2	0	8	0	0	0	1	0	4	0	5	0	0	2	32	1	0	0	0	0	0	1	2	1	0	0	2	0	1	3	15	3	69	0	1	0	32	19	21	9	349	1	0	0	3
10772239	10774030	10774099	0	3	0	19	6	5	6	446	0	3	0	8	3	50	1	16	0	0	0	0	0	1	1	10	0	0	0	0	0	31	1	2	1	16	1	3	2	16	0	8	0	6	1	4	13	316	6	39	1	0	0	0	1	0	0	8	0	0	0	0	0	1	0	4
10774030	10774099	10775673	1	0	1	0	17	1	0	0	1	0	0	0	3	1	20	0	2	0	6	1	15	4	3	0	1	0	6	0	5	5	436	0	0	0	0	0	7	0	0	0	2	0	0	0	3	1	7	0	12	2	0	0	317	24	7	5	5	1	0	0	55	5	4	1
10774099	10775673	10775850	0	19	0	0	1	1	1	0	0	1	0	6	0	1	0	0	9	431	6	0	0	36	0	0	0	14	0	2	0	9	0	0	0	15	0	0	0	1	0	0	1	1	0	4	0	0	0	0	3	69	0	1	0	8	0	5	10	102	2	352	0	2	0	0
10775673	10775850	10776360	1	1	8	0	30	14	458	13	0	0	4	1	0	0	0	1	0	0	1	0	3	2	41	0	0	0	1	0	0	0	0	6	0	0	0	14	3	0	12	120	0	0	0	2	3	1	1	412	0	0	0	0	0	0	9	1	0	0	0	0	0	0	0	0
10775850	10776360	10776624	1	0	0	0	1	0	0	0	8	0	0	0	0	11	0	2	37	2	0	0	16	0	0	0	503	7	4	3	15	101	1	7	0	0	0	0	0	0	0	0	5	0	0	0	2	1	0	0	1	3	0	0	0	1	0	0	0	1	0	0	24	352	11	18
10776360	10776624	10777538	10	26	0	0	4	0	0	0	0	0	0	0	0	0	0	0	3	11	1	0	1	0	0	0	0	0	0	0	0	0	0	0	75	373	2	10	1	6	0	0	1	3	0	0	2	1	0	0	31	6	2	0	457	8	1	3	13	0	0	0	25	0	1	1
10776624	10777538	10777916	108	7	0	19	462	15	0	4	7	0	0	0	9	0	0	0	87	33	7	319	6	0	0	9	1	0	0	0	2	1	0	1	2	0	3	8	3	0	0	0	0	0	0	0	0	0	0	0	11	3	0	11	1	0	0	0	0	0	0	1	0	1	0	0
10777538	10777916	10778242	4	108	86	2	0	8	32	0	0	0	8	0	5	23	267	2	11	483	8	1	1	15	0	0	0	0	0	0	1	4	6	0	0	9	1	0	0	0	0	0	0	0	0	0	0	0	1	0	1	8	2	0	0	1	0	0	0	0	0	0	0	0	1	0
10777916	10778242	10778715	2	0	0	10	8	2	7	530	77	2	3	13	1	0	0	2	0	0	0	1	4	0	0	15	29	0	0	1	0	0	0	0	0	0	0	0	0	0	0	0	7	0	0	1	0	0	0	0	5	0	0	0	15	0	2	8	229	9	4	24	2	0	0	0
10778242	10778715	10778929	0	0	5	1	0	0	0	0	0	0	0	0	10	0	0	0	8	1	14	1	1	0	1	0	7	1	1	0	519	7	7	10	27	13	226	2	0	1	9	0	0	0	4	0	10	0	21	0	0	0	1	0	0	0	0	0	0	0	0	0	2	0	0	0
10778715	10778929	10778942	31	1	14	2	16	0	1	0	264	8	42	6	4	0	2	0	0	0	1	0	1	0	0	0	9	1	2	0	0	0	0	0	1	0	7	0	0	0	1	0	4	1	1	0	0	0	0	0	5	9	546	2	1	1	8	0	26	1	12	1	0	0	10	0
10778929	10778942	10778961	6	2	23	1	9	0	0	1	604	9	8	6	2	0	1	1	1	1	16	0	1	0	0	0	9	1	0	0	0	0	0	0	11	5	255	5	1	0	9	0	13	1	40	1	0	0	7	0	0	0	4	0	0	0	0	0	10	0	2	0	0	0	0	0
10778942	10778961	10779040	0	4	0	13	0	1	0	6	3	15	4	307	0	1	1	6	0	10	0	1	0	0	0	0	0	1	1	7	0	1	0	0	14	613	6	10	0	9	0	1	4	12	0	49	0	6	0	1	0	2	0	0	0	0	0	0	0	1	0	6	0	0	0	0
10778961	10779040	10779053	0	0	13	0	2	12	616	0	0	0	6	0	19	0	5	0	0	0	0	0	1	1	8	0	0	0	0	0	7	0	0	0	6	0	1	0	20	2	7	0	3	2	0	0	310	17	38	6	0	0	0	0	1	1	6	0	0	0	0	0	7	0	0	0
10779040	10779053	10779174	0	9	0	0	0	0	0	0	2	2	8	0	0	0	0	0	0	27	0	0	1	2	12	0	46	44	527	5	0	0	0	0	0	4	0	0	0	2	0	0	0	1	5	0	0	0	0	0	5	382	4	1	0	20	0	0	0	46	3	0	0	7	0	0
10779053	10779174	10779640	0	6	0	0	10	421	15	15	0	5	0	0	0	1	0	0	0	0	0	1	0	28	0	1	0	0	0	12	0	0	0	0	0	0	1	44	3	47	3	39	12	6	7	489	0	1	0	4	0	0	0	0	1	6	0	1	0	0	0	0	0	0	0	0
10779174	10779640	10779678	0	0	0	0	0	1	1	3	0	1	0	0	1	43	0	0	0	1	0	10	13	58	11	403	1	1	1	14	4	34	0	15	0	11	1	0	0	7	0	3	0	7	0	0	4	486	4	2	0	0	0	0	0	0	0	2	0	0	0	0	0	3	0	0
10779640	10779678	10779705	0	0	0	0	12	1	2	0	1	0	0	0	2	0	8	0	6	0	8	0	13	3	43	3	0	1	11	0	51	6	348	1	0	0	1	0	7	0	1	0	0	0	1	0	0	1	13	0	9	0	1	0	570	13	3	3	6	0	0	0	5	0	11	0
10779678	10779705	10779724	7	0	8	0	1	0	0	0	10	0	0	0	0	0	0	0	100	15	508	3	7	0	11	0	56	1	1	2	3	0	3	1	1	0	7	0	1	0	0	0	13	0	0	0	0	0	0	0	54	1	3	1	8	0	0	0	384	7	0	5	1	0	0	0
10779705	10779724	10779727	71	7	88	2	1	0	13	0	1	10	505	1	1	0	3	0	10	1	7	0	0	0	1	0	1	0	9	0	0	0	0	0	402	34	8	8	7	1	1	0	0	0	1	0	6	0	0	0	4	0	1	0	0	0	0	0	0	0	3	0	0	0	1	0
10779724	10779727	10779908	516	9	0	5	42	0	3	1	24	3	82	7	9	0	1	0	8	0	0	0	1	0	0	0	2	1	13	2	0	0	0	0	0	0	1	0	1	0	7	1	54	11	449	18	0	1	0	0	8	0	0	0	0	0	0	0	1	0	3	0	0	0	0	0
10779727	10779908	10779910	433	29	22	14	7	0	0	1	0	0	1	0	5	0	0	0	40	2	1	0	0	0	0	0	0	0	10	0	1	0	1	0	13	0	62	3	0	1	13	0	0	4	538	0	0	0	28	0	6	0	0	2	0	0	1	0	0	0	1	0	0	0	0	0
10779908	10779910	10779995	462	22	1	17	32	0	0	1	22	4	2	61	16	0	0	4	6	0	0	1	0	0	0	1	0	0	0	14	1	0	0	0	0	0	0	0	0	0	0	4	5	3	3	551	0	0	0	0	5	1	0	1	0	0	0	0	0	0	0	30	0	0	0	0
10779910	10779995	10780072	3	17	433	11	0	1	22	0	0	0	1	0	0	0	13	5	0	0	28	3	0	0	0	0	0	0	0	0	0	0	1	6	0	2	15	8	0	0	4	3	0	0	1	4	9	3	2	633	0	1	16	0	0	0	0	0	0	0	0	0	0	0	0	5
10779995	10780072	10780117	0	3	0	0	2	17	2	2	19	409	35	21	1	16	0	5	0	0	0	0	0	1	0	0	0	25	1	2	0	1	0	3	0	0	0	0	0	0	0	0	0	3	0	0	0	0	0	3	1	0	1	7	0	1	0	2	0	15	0	1	11	2	2	622
10780072	10780117	10780763	0	1	0	0	5	0	0	0	0	1	0	0	2	7	1	0	2	0	0	0	19	0	0	0	2	0	0	0	1	2	0	1	19	0	0	0	429	4	1	3	34	0	1	0	23	3	0	0	4	8	1	0	19	1	0	0	1	1	0	0	98	538	8	12
10780117	10780763	10780767	23	0	4	0	0	0	7	0	1	0	0	0	0	0	0	0	461	8	0	7	4	0	1	0	1	0	0	0	3	0	0	0	37	0	1	0	0	0	1	0	1	0	0	0	0	0	0	0	37	6	82	0	23	13	490	5	0	0	6	0	2	1	10	0
10780763	10780767	10781066	0	18	575	1	0	3	8	0	0	78	6	1	0	0	7	0	1	14	6	1	0	9	3	0	7	410	20	4	0	5	0	0	0	0	3	0	0	0	0	0	0	4	2	0	0	0	0	0	0	1	4	0	0	1	0	0	1	6	1	0	0	0	0	0
10780767	10781066	10781363	1	0	0	0	21	1	10	0	6	5	534	0	2	0	0	0	0	0	0	0	10	2	0	0	1	0	10	0	0	0	0	0	7	1	0	0	397	28	29	2	21	3	5	0	3	0	2	0	0	0	0	0	3	1	1	0	0	0	7	0	0	0	0	0
10781066	10781363	10781514	11	0	0	0	1	0	0	0	0	0	1	0	0	0	0	0	477	9	1	6	32	1	0	0	37	0	9	0	4	0	0	0	26	1	2	3	3	0	6	0	30	12	540	21	0	0	0	0	7	0	0	0	0	0	0	0	2	0	0	0	0	0	0	0
10781363	10781514	10781549	8	11	2	581	1	0	0	11	0	1	0	2	0	2	0	6	3	0	0	41	0	0	0	1	0	5	0	0	0	0	0	0	1	19	1	52	0	8	0	1	7	435	8	13	0	15	0	1	0	0	0	7	0	0	0	0	0	0	0	0	0	0	0	0
10781514	10781549	10781558	4	1	0	7	20	0	0	9	2	0	0	1	83	7	9	496	0	0	0	1	8	0	0	1	0	0	0	0	3	1	0	7	9	0	0	0	425	8	2	7	8	1	0	0	12	1	0	2	0	0	0	0	16	0	0	0	0	0	0	0	2	1	0	4
10781549	10781558	10781575	12	2	2	0	0	0	1	0	0	0	0	0	1	0	6	0	437	7	3	7	7	0	0	0	2	0	0	0	9	0	6	0	9	0	1	0	1	0	0	0	0	0	0	0	0	0	1	0	32	4	54	2	3	0	5	1	1	0	7	0	73	17	367	9
10781558	10781575	10781854	12	495	2	14	1	7	0	3	1	9	1	34	0	9	0	1	0	9	0	2	0	0	0	0	0	1	0	4	0	1	0	0	0	3	0	0	0	0	0	0	0	1	0	4	0	0	0	0	1	20	1	48	1	4	0	10	6	52	2	250	1	2	0	5
10781575	10781854	10781921	0	2	11	0	4	25	467	8	0	1	1	1	2	65	3	0	0	2	1	0	0	4	8	0	0	0	0	0	0	12	0	2	0	8	1	0	1	61	4	2	0	4	0	0	10	292	12	22	0	1	0	0	0	3	9	0	0	0	0	0	0	6	0	0
10781854	10781921	10781952	0	0	0	0	2	2	0	9	1	12	0	0	0	0	0	0	0	4	0	1	9	16	1	67	16	504	5	3	1	7	0	3	0	0	0	0	0	0	0	5	0	1	0	0	0	1	0	0	1	2	0	10	47	18	0	326	2	3	0	9	6	2	0	17
10781921	10781952	10782376	0	1	0	0	1	5	0	3	0	0	0	0	0	11	1	0	0	61	1	1	1	35	1	8	0	2	0	0	11	440	13	1	3	6	0	10	30	31	18	429	0	1	0	5	1	15	0	1	0	8	0	0	1	3	0	5	0	0	0	0	1	18	1	0
10781952	10782376	10783390	0	1	0	2	3	67	0	1	0	1	0	0	0	1	0	10	2	3	0	23	3	41	0	19	1	3	0	10	1	36	4	358	0	0	0	0	0	1	0	1	0	0	0	0	0	0	0	4	1	11	0	0	8	423	3	0	1	9	1	0	0	1	0	1
10782376	10783390	10783423	0	2	0	1	1	1	0	15	0	0	0	0	0	23	0	3	0	3	0	12	20	12	8	605	0	0	0	4	1	18	1	4	0	1	0	1	1	3	1	11	0	0	0	1	1	11	0	0	0	1	0	0	1	37	1	3	0	3	1	0	10	348	13	30
10783390	10783423	10783732	0	0	0	0	2	4	0	0	0	0	0	0	0	0	0	15	2	1	0	19	2	49	0	5	0	1	0	8	15	4	3	613	0	0	0	0	0	4	0	0	0	1	0	0	0	0	1	5	0	14	0	1	5	408	12	10	1	13	0	1	1	31	1	4
10783423	10783732	10784065	0	1	0	0	2	1	0	11	0	0	0	0	0	17	0	0	0	2	1	7	8	61	2	333	2	1	0	10	0	6	0	8	0	0	0	1	3	0	0	10	0	0	0	0	0	7	0	1	0	12	0	1	0	10	0	26	0	3	0	1	12	570	6	7
10783732	10784065	10784363	0	0	0	0	12	0	2	0	0	0	1	0	0	2	6	0	0	1	11	1	3	4	65	0	0	0	1	0	19	34	317	6	0	0	2	0	4	0	1	0	0	0	0	0	1	1	9	0	11	0	0	1	559	13	4	10	6	0	0	0	9	1	7	0
10784065	10784363	10784662	0	1	0	11	0	1	0	0	1	11	0	0	0	1	0	1	10	10	1	584	0	8	1	12	3	62	5	3	2	0	0	8	0	0	0	6	0	0	0	0	0	1	0	0	0	0	0	0	1	15	3	8	3	28	2	1	14	335	10	11	0	7	0	0
10784363	10784662	10785923	6	0	2	1	3	4	18	0	0	0	2	0	462	26	43	10	0	1	2	0	1	1	30	0	0	0	2	0	8	2	1	0	1	0	16	0	3	8	360	1	0	2	12	0	1	3	10	0	1	0	0	0	0	0	7	0	0	0	0	0	5	0	4	0
10784662	10785923	10786611	7	0	1	0	0	0	1	0	1	1	16	0	1	0	0	0	5	0	2	0	0	0	12	1	13	8	370	11	0	0	0	0	0	0	0	0	0	0	1	0	2	0	11	2	0	0	0	0	464	9	2	4	28	0	1	0	45	1	11	1	10	0	0	0
10785923	10786611	10786744	580	3	0	4	11	0	0	0	3	0	2	0	4	0	0	0	34	0	0	0	0	0	0	0	6	0	11	0	0	0	1	0	63	1	15	1	4	0	11	0	157	12	306	2	5	0	12	0	13	0	0	0	0	0	0	0	0	0	0	0	0	0	0	0
10786611	10786744	10787013	9	731	7	3	1	4	0	0	0	0	1	15	1	5	0	0	0	11	0	3	0	0	0	0	1	0	1	11	0	0	0	0	6	10	3	159	0	0	1	8	7	15	16	297	0	1	0	3	0	5	0	3	0	0	0	0	1	0	0	10	0	0	0	0
10786744	10787013	10787241	2	6	0	5	19	668	7	6	0	7	0	4	8	12	0	150	0	1	0	0	0	2	1	0	1	0	0	0	1	0	0	8	0	1	0	7	1	0	0	14	1	1	0	16	26	14	3	289	0	1	0	0	0	3	1	1	0	1	0	0	0	0	0	3
10787013	10787241	10787819	2	0	0	0	11	0	0	1	0	0	0	0	3	0	0	9	18	0	0	0	638	17	4	2	10	0	0	0	4	0	1	16	0	0	0	3	6	1	0	1	0	0	0	0	7	1	0	11	9	3	0	27	7	2	0	15	0	1	0	2	85	9	4	350
10787241	10787819	10787876	1	19	0	7	0	0	0	2	0	0	0	0	0	0	0	26	15	663	6	8	1	19	0	2	0	4	0	0	1	3	1	14	0	11	0	0	0	0	0	1	0	0	0	0	0	1	0	1	5	6	1	74	2	1	0	6	0	0	0	5	16	17	2	340
10787819	10787876	10789235	1	15	0	3	8	644	6	5	0	5	0	2	1	11	1	73	0	1	0	2	0	18	0	1	0	0	0	0	0	2	0	10	0	0	0	0	0	3	0	0	0	0	0	0	0	1	0	4	0	3	0	19	1	3	1	16	0	0	0	5	7	22	7	356
10787876	10789235	10791611	0	0	0	0	11	0	4	0	0	0	0	0	1	0	19	0	7	0	1	0	456	12	10	10	3	0	2	0	0	0	19	0	0	0	0	0	2	0	0	0	0	0	0	0	0	0	7	0	1	0	6	0	2	2	27	0	0	1	5	0	2	5	345	0
10789235	10791611	10793270	9	0	1	0	0	0	0	0	2	0	9	0	1	0	0	0	363	3	0	1	9	0	1	0	14	1	20	1	6	0	0	0	3	0	0	0	0	0	1	0	4	0	7	0	0	0	0	0	0	0	2	0	0	0	2	0	33	5	368	1	0	0	0	0
10791611	10793270	10793583	459	8	3	5	4	0	0	0	0	0	1	0	1	0	0	0	9	1	0	0	0	0	0	0	0	1	5	0	0	0	0	0	18	1	35	1	0	1	6	0	45	7	371	9	1	1	1	0	10	0	0	1	0	0	0	0	0	0	0	0	0	0	0	0
10793270	10793583	10793847	13	573	1	6	0	12	0	1	0	20	0	29	0	6	1	0	0	4	0	0	0	0	0	1	0	3	0	3	0	0	0	0	1	20	0	30	0	2	0	7	13	145	3	275	0	4	0	7	0	3	0	0	0	1	0	0	0	0	0	1	0	0	0	0
10793583	10793847	10794544	0	11	0	0	15	497	9	19	0	1	0	0	0	2	3	24	0	0	0	0	0	11	0	4	0	1	0	0	0	1	0	7	2	0	1	12	4	7	9	113	0	0	0	3	8	12	14	222	0	0	0	0	0	5	0	4	0	0	0	0	0	0	0	6
10793847	10794544	10795902	1	0	0	0	0	1	9	0	1	0	0	0	10	0	0	0	5	0	9	0	38	7	375	5	10	0	6	0	144	2	1	3	0	0	0	0	0	1	1	0	0	0	0	0	4	0	0	0	7	0	0	0	10	0	1	0	16	0	0	0	228	4	2	3
10794544	10795902	10797635	9	0	0	0	0	0	0	0	0	2	0	5	0	0	0	0	19	1	2	19	1	0	0	4	41	9	1	240	0	0	0	3	24	0	0	2	0	0	0	0	1	0	0	4	0	0	0	0	347	9	0	2	6	0	0	0	2	0	0	0	5	0	0	0
10795902	10797635	10797787	8	474	2	2	0	11	0	0	1	2	0	0	20	10	0	0	1	8	0	0	0	0	0	0	0	0	0	0	5	0	0	0	43	9	0	1	14	0	0	0	0	1	0	0	242	36	1	1	0	5	0	0	0	0	0	0	0	0	0	0	3	0	0	1
10797635	10797787	10802000	1	45	3	4	3	6	1	302	0	1	0	2	0	1	0	1	0	11	0	0	0	0	0	6	0	0	0	0	0	0	0	0	0	3	0	1	0	1	0	0	0	0	0	0	0	0	0	0	9	248	8	7	1	30	2	5	0	1	0	0	0	1	0	0
10797787	10802000	10802965	9	0	0	0	242	17	7	2	10	1	1	0	7	1	1	0	2	0	2	0	25	3	4	1	1	0	2	0	5	7	243	0	0	0	0	0	1	0	1	0	0	0	0	0	0	0	1	0	0	0	0	0	1	0	0	0	0	0	0	0	0	0	0	0
10802000	10802965	10802969	13	0	0	3	0	0	0	0	1	0	0	1	0	0	0	0	410	7	4	48	21	2	1	6	10	1	0	6	5	0	0	2	15	0	0	0	1	0	0	0	0	0	0	3	0	0	0	0	11	0	0	9	1	1	0	11	14	5	5	408	0	0	0	0
10802965	10802969	10806432	361	8	1	4	10	0	0	0	1	0	0	0	51	0	1	1	16	1	0	0	2	0	0	0	0	0	0	0	6	1	6	0	10	0	9	0	0	0	3	0	0	0	3	0	39	7	236	5	4	0	0	0	0	0	0	0	0	0	0	0	1	1	0	0
10802969	10806432	10806899	7	393	1	1	0	9	0	0	0	3	0	6	1	4	0	0	0	13	0	0	0	1	0	0	0	0	0	3	0	0	0	0	0	2	0	0	0	0	0	0	0	0	0	3	0	0	0	0	2	65	1	28	0	1	1	6	5	17	9	196	0	1	0	5
10806432	10806899	10807671	0	9	0	1	4	571	1	6	0	2	0	2	0	12	0	43	0	1	0	0	0	11	0	1	0	1	0	0	0	1	0	8	0	3	0	9	1	4	0	24	0	2	0	11	9	44	3	302	0	1	0	1	0	6	0	0	0	0	0	0	0	2	0	7
10806899	10807671	10808288	0	0	0	0	4	10	0	0	0	0	0	0	9	0	0	0	1	4	0	0	13	585	4	1	0	1	0	0	24	3	0	2	0	0	0	0	3	3	0	0	0	0	0	0	11	1	0	0	9	0	0	0	47	4	0	0	3	0	0	0	294	9	2	16
10807671	10808288	10808678	0	10	0	0	0	2	0	2	0	0	0	0	0	0	0	0	1	55	1	8	22	113	4	422	1	0	0	4	0	0	0	1	0	4	0	0	0	0	0	1	0	0	0	0	0	0	0	0	7	326	3	0	0	11	0	2	0	2	0	0	0	18	0	0
10808288	10808678	10808751	0	0	0	10	7	7	2	385	0	0	0	5	1	7	0	0	0	18	3	1	4	105	4	20	1	3	0	0	8	393	16	10	0	0	0	1	0	0	0	2	0	0	0	0	0	3	0	1	0	0	0	0	0	0	0	17	0	0	0	0	0	1	0	0
10808678	10808751	10809174	0	0	0	0	18	1	0	1	3	0	0	0	3	0	14	0	5	0	8	0	103	2	4	3	4	0	2	0	20	5	401	10	1	0	0	0	3	0	0	0	0	0	0	0	0	0	4	0	9	0	0	0	398	8	1	2	13	2	0	0	12	1	0	0
10808751	10809174	10811461	12	0	0	0	0	0	0	0	2	0	4	0	0	0	0	0	423	8	1	3	8	0	0	0	1	0	3	0	6	0	0	0	17	0	0	0	1	1	0	0	1	0	2	0	0	0	0	0	17	2	14	0	2	0	5	0	35	7	321	1	0	1	7	0
10809174	10811461	10815307	0	2	229	1	0	0	7	0	9	0	1	0	0	0	1	0	0	0	3	0	0	0	0	0	4	1	0	0	1	0	0	0	18	1	1	1	5	0	0	0	165	4	1	5	0	0	0	0	0	0	3	0	0	0	0	0	1	0	0	0	0	0	0	0
10811461	10815307	10817029	1	21	0	0	1	2	0	0	263	14	3	2	1	1	0	0	2	5	0	0	0	0	0	0	4	1	0	0	0	0	0	0	3	180	1	0	0	5	0	0	1	5	0	0	0	4	0	0	0	1	0	0	0	0	0	0	1	0	0	0	0	0	0	0
10815307	10817029	10820429	5	0	1	1	253	5	0	1	0	0	0	0	0	0	0	0	0	0	0	0	11	0	0	0	0	0	0	0	0	0	0	0	19	228	11	2	9	13	1	0	0	2	0	0	0	3	1	0	0	0	0	0	8	0	0	0	0	0	0	0	0	0	0	0
10817029	10820429	10822167	22	3	8	0	208	17	24	4	12	0	2	0	3	0	1	0	4	9	344	0	12	1	10	0	3	0	0	0	0	0	3	0	0	0	1	0	2	0	2	0	0	0	0	0	0	0	0	0	1	0	2	0	9	0	0	1	1	0	0	0	0	0	0	0
10820429	10822167	10826955	2	27	0	2	0	1	0	8	6	5	0	334	0	0	0	0	16	277	4	6	1	16	0	0	2	27	0	10	0	3	0	1	1	13	0	0	0	2	0	0	0	3	0	3	0	0	0	0	1	3	0	0	0	0	0	0	0	0	0	6	0	0	0	0
10822167	10826955	10828866	8	1	4	2	165	6	50	10	2	0	0	0	6	0	2	0	0	0	0	0	14	0	1	0	0	0	0	0	0	0	11	0	2	0	3	0	17	1	4	1	0	0	0	0	3	3	328	9	0	0	0	0	3	0	1	0	0	0	0	0	1	0	0	0
10826955	10828866	10829854	0	16	0	1	0	1	0	1	0	3	0	7	0	1	0	0	10	214	1	15	2	11	0	1	0	40	3	7	1	11	0	2	0	2	0	0	0	0	0	0	0	1	0	0	0	0	0	0	1	3	0	2	0	0	0	2	9	3	0	423	0	0	0	12
10828866	10829854	10830855	0	0	11	0	2	5	251	1	0	0	3	0	3	0	17	0	0	0	1	0	0	0	12	0	0	0	0	0	3	0	2	0	7	0	0	0	1	1	48	0	1	0	2	0	428	13	22	4	0	0	0	0	0	1	11	0	0	0	0	0	13	0	2	0
10829854	10830855	10832199	1	0	5	0	0	0	0	0	11	0	0	0	0	0	0	0	2	0	3	0	5	0	0	0	344	11	1	3	0	0	0	0	0	0	1	0	0	0	0	0	5	0	0	0	0	0	0	0	15	15	429	2	1	0	15	0	23	4	14	2	0	0	7	0
10830855	10832199	10839977	3	1	0	0	2	0	0	3	102	6	1	28	1	0	0	0	0	0	0	1	0	0	0	0	3	0	0	1	0	0	0	0	0	0	0	140	0	0	0	3	4	0	0	1	0	0	0	3	0	0	0	0	0	0	0	0	1	0	0	0	0	0	0	0
10832199	10839977	10841606	0	0	4	0	0	0	1	0	0	0	0	0	128	4	3	6	0	0	3	0	0	0	0	0	0	0	0	0	4	0	2	0	0	1	81	1	0	0	9	0	0	0	0	0	1	1	21	0	0	0	1	0	0	0	0	0	0	0	0	0	1	0	0	0
10839977	10841606	10843202	0	1	3	0	7	1	0	2	280	11	23	8	2	0	0	0	0	0	2	0	0	0	1	0	14	0	1	0	0	0	0	0	0	0	1	0	0	0	0	0	1	0	0	0	0	0	0	0	4	47	398	2	0	0	11	0	59	6	10	1	0	1	11	0
10841606	10843202	10845135	1	1	0	1	1	42	0	2	13	291	8	21	0	1	1	0	0	0	0	7	0	0	0	1	2	5	0	1	1	0	0	1	2	0	0	331	2	1	0	18	0	5	0	31	0	0	0	9	0	0	0	2	0	1	0	0	0	7	0	0	0	0	0	0
10843202	10845135	10852812	0	1	0	0	0	0	0	0	0	0	0	0	2	66	1	1	0	0	0	2	0	3	0	5	0	0	0	0	0	2	0	4	0	0	0	5	4	14	0	90	0	0	0	3	0	9	0	3	0	0	0	1	0	0	0	0	0	0	0	0	0	4	0	0
