Position1	Position2	count_AA	count_AT	count_AG	count_AC	count_TA	count_TT	count_TG	count_TC	count_GA	count_GT	count_GG	count_GC	count_CA	count_CT	count_CG	count_CC
10766895	10766948	13	245	2	37	11	15	0	435	1	5	1	4	0	14	2	3
10766948	10767078	0	12	0	13	8	243	9	9	0	3	0	1	11	31	5	410
10767078	10767310	0	8	0	10	5	7	1	281	0	1	1	10	7	358	5	61
10767310	10767465	9	1	5	0	384	12	5	2	5	0	2	0	109	16	286	3
10767465	10768208	256	4	184	4	8	0	14	1	3	5	276	2	3	0	2	0
10768208	10768636	7	271	2	4	0	5	0	5	13	163	6	313	0	5	0	1
10768636	10768808	1	9	12	0	15	391	103	4	0	1	10	0	1	11	407	1
10768808	10768891	2	0	0	15	16	1	0	399	392	9	1	105	2	0	0	3
10768891	10768939	64	338	3	1	1	9	0	0	0	1	0	0	481	18	2	3
10768939	10769055	21	94	20	399	14	372	4	4	0	5	0	1	0	1	0	3
10769055	10769188	0	17	0	17	8	33	2	427	0	15	0	11	7	360	10	10
10769188	10769279	6	0	7	0	30	54	345	3	3	1	8	0	458	13	11	1
10769279	10769309	9	24	1	485	2	49	1	27	10	325	8	60	0	4	0	1
10769309	10769457	0	9	1	11	10	64	6	333	0	1	0	10	11	499	8	65
10769457	10769533	0	0	14	7	15	10	75	456	1	0	7	7	6	32	335	9
10769533	10769614	6	0	14	0	21	3	12	3	349	5	39	11	11	4	402	7
10769614	10769678	17	369	7	14	0	8	0	6	16	46	2	410	0	14	0	7
10769678	10769720	0	17	16	0	9	27	390	14	0	1	6	2	12	455	16	4
10769720	10770325	0	2	10	7	7	14	439	21	10	12	17	318	0	1	7	11
10770325	10770334	3	0	10	9	2	0	21	9	5	8	469	11	29	8	54	310
10770334	10770335	35	4	6	5	7	0	8	3	35	13	491	65	381	7	3	7
10770335	10770361	12	109	3	332	3	11	1	9	10	485	3	18	1	24	0	55
10770361	10770415	15	0	7	0	170	10	408	6	3	0	2	0	371	6	6	5
10770415	10770503	392	19	74	16	4	1	11	0	2	3	393	7	4	2	4	0
10770503	10770640	59	4	2	320	7	1	0	14	468	8	2	20	11	0	0	13
10770640	10770678	523	4	61	10	9	1	4	0	1	1	2	0	31	25	296	4
10770678	10770691	26	12	495	4	31	0	7	0	321	8	42	6	5	1	6	0
10770691	10770733	25	15	0	370	12	0	1	7	486	14	4	59	3	0	0	7
10770733	10771725	8	531	5	22	0	19	0	11	0	4	0	1	14	66	1	332
10771725	10771851	7	1	19	0	582	29	95	10	6	0	2	0	5	13	398	1
10771851	10771899	13	574	8	5	0	25	0	14	19	42	10	420	1	9	0	1
10771899	10771962	19	1	0	16	599	21	5	38	10	1	0	5	31	6	12	342
10771962	10771984	14	41	627	2	1	7	20	0	2	11	5	1	23	346	60	2
10771984	10772043	16	1	25	0	58	24	416	4	659	20	58	4	2	0	2	1
10772043	10772208	10	46	10	637	1	25	0	17	16	352	34	17	0	3	0	4
10772208	10772239	18	1	7	1	412	11	6	6	38	1	5	3	114	46	526	5
10772239	10774030	22	474	12	71	0	12	0	34	21	26	11	377	1	10	1	5
10774030	10774099	2	22	1	28	11	27	8	554	0	11	2	14	19	466	8	79
10774099	10775673	19	3	7	1	447	36	16	9	15	1	6	0	73	13	479	2
10775673	10775850	13	593	6	1	1	53	1	6	14	144	2	431	0	12	0	0
10775850	10776360	1	1	9	14	41	16	549	137	0	0	6	3	4	1	1	434
10776360	10776624	40	5	0	0	17	1	0	0	537	9	4	4	43	495	13	27
10776624	10777538	138	487	7	10	479	16	1	4	14	3	0	0	28	1	1	1
10777538	10777916	239	50	10	410	521	17	0	13	10	0	0	1	11	2	0	1
10777916	10778242	17	626	102	3	1	25	32	0	0	1	8	0	6	27	283	2
10778242	10778715	7	0	0	11	27	2	9	573	347	11	7	41	3	0	0	2
10778715	10778929	49	17	320	6	1	1	12	0	8	1	6	0	566	10	40	10
10778929	10778942	39	11	653	4	18	1	12	0	326	12	62	8	4	0	13	0
10778942	10778961	20	9	371	9	12	0	9	1	661	11	72	8	2	0	8	1
10778961	10779040	14	632	6	24	0	10	0	7	7	29	5	371	0	8	1	7
10779040	10779053	9	0	14	0	28	16	666	0	4	2	7	0	400	21	50	7
10779053	10779174	7	491	5	1	1	29	12	0	50	101	554	5	0	8	0	0
10779174	10779640	0	6	1	45	14	508	18	56	12	11	7	508	0	2	0	4
10779640	10779678	0	16	1	10	15	69	12	440	1	9	1	14	10	641	6	19
10779678	10779705	15	1	10	0	628	18	60	7	8	1	13	0	59	8	396	1
10779705	10779724	173	17	543	4	19	1	11	0	482	9	1	7	5	0	3	1
10779724	10779727	542	47	120	10	8	1	18	0	2	11	566	1	8	0	4	0
10779727	10779908	533	9	1	5	44	0	10	2	81	15	547	28	9	1	1	0
10779908	10779910	518	36	94	21	7	1	15	1	0	5	584	0	7	0	30	0
10779910	10779995	479	23	1	19	32	0	0	7	27	8	5	692	18	0	0	5
10779995	10780072	3	25	524	23	0	1	30	4	0	0	3	4	9	4	18	667
10780072	10780117	1	5	1	10	2	20	2	4	19	464	37	26	13	21	2	674
10780117	10780763	27	9	1	0	482	5	1	3	38	2	1	0	137	601	9	14
10780763	10780767	628	14	99	7	30	15	536	6	3	0	6	0	6	1	11	0
10780767	10781066	1	35	590	2	0	13	11	0	8	498	30	5	0	5	7	0
10781066	10781363	11	1	1	0	497	35	47	4	32	9	626	0	7	0	2	0
10781363	10781514	627	12	3	9	46	1	6	0	76	13	583	21	7	0	0	0
10781514	10781549	13	33	3	738	1	9	0	13	9	448	9	15	0	17	0	8
10781549	10781558	16	1	0	8	480	9	2	17	12	1	0	1	104	10	9	512
10781558	10781575	610	13	63	11	12	0	6	1	3	0	7	0	89	17	389	10
10781575	10781854	13	539	3	77	3	12	0	15	10	76	4	369	1	13	0	7
10781854	10781921	0	13	15	0	5	101	552	11	0	5	1	1	15	428	15	27
10781921	10781952	1	9	0	13	65	49	2	495	22	588	6	17	8	12	0	22
10781952	10782376	4	81	1	11	33	78	21	479	0	3	0	6	14	528	16	2
10782376	10783390	3	17	0	27	15	651	4	24	2	16	1	12	1	42	4	406
10783390	10783423	0	9	0	15	26	67	10	683	0	4	1	7	17	491	20	43
10783423	10783732	2	15	0	20	10	485	13	17	1	15	0	9	16	39	5	663
10783732	10784065	0	16	1	10	15	79	2	395	2	5	0	12	12	620	6	18
10784065	10784363	12	1	14	2	631	25	86	10	7	0	2	0	30	44	418	7
10784363	10784662	12	34	4	679	3	41	3	15	20	480	18	17	2	9	0	11
10784662	10785923	8	1	21	1	8	15	442	1	0	2	16	0	503	31	62	10
10785923	10786611	593	11	5	4	34	0	17	1	80	15	482	17	13	0	0	0
10786611	10786744	774	5	17	6	16	0	14	0	186	12	351	4	9	0	13	0
10786744	10787013	15	773	11	186	1	4	1	9	9	18	19	357	1	7	1	3
10787013	10787241	2	13	0	13	22	696	10	23	3	9	0	20	39	27	3	494
10787241	10787819	30	3	0	31	703	22	4	20	11	1	0	2	109	11	5	416
10787819	10787876	24	745	7	103	3	20	0	13	0	4	0	5	24	25	6	454
10787876	10789235	1	19	0	24	9	672	7	22	0	5	0	7	8	36	8	445
10789235	10791611	10	0	13	1	507	15	51	10	3	1	13	0	3	5	514	0
10791611	10793270	498	4	4	1	11	0	6	0	64	8	490	3	13	0	0	0
10793270	10793583	626	15	53	7	5	1	6	0	56	9	466	12	3	1	1	0
10793583	10793847	14	627	1	37	0	15	1	9	15	179	3	325	0	11	1	8
10793847	10794544	2	11	1	13	20	528	18	174	0	2	0	5	9	16	19	286
10794544	10795902	13	0	9	0	53	10	432	6	29	0	6	0	423	6	3	6
10795902	10797635	519	11	3	30	9	0	0	5	53	14	1	283	6	0	0	4
10797635	10797787	72	558	6	3	19	11	0	0	4	3	0	0	399	57	1	2
10797787	10802000	10	318	12	12	4	38	4	324	0	2	0	2	0	3	0	1
10802000	10802965	17	0	3	0	498	31	24	7	15	1	4	0	22	13	488	0
10802965	10802969	525	14	5	75	26	3	1	18	30	7	6	452	5	0	0	3
10802969	10806432	426	9	10	5	14	1	3	0	2	0	3	0	103	9	255	7
10806432	10806899	10	633	4	57	1	13	1	10	12	32	15	374	2	6	0	10
10806899	10807671	0	16	0	11	6	640	1	36	0	6	0	14	11	63	3	388
10807671	10808288	10	4	0	0	71	638	5	1	4	1	0	0	375	14	2	22
10808288	10808678	10	426	5	8	24	144	4	464	1	2	0	5	0	19	0	1
10808678	10808751	0	20	3	17	13	116	7	485	1	3	0	5	9	429	16	14
10808751	10809174	16	0	8	0	577	12	5	6	24	2	3	0	38	8	454	10
10809174	10811461	495	12	16	4	12	1	7	1	43	9	371	1	6	1	8	0
10811461	10815307	30	4	376	2	9	0	8	0	250	7	6	6	2	0	1	0
10815307	10817029	8	363	1	1	1	14	0	0	404	31	4	5	1	11	0	0
10817029	10820429	45	343	19	4	426	28	3	3	1	5	0	0	3	10	1	0
10820429	10822167	51	19	591	0	462	30	68	10	23	2	7	0	7	0	10	0
10822167	10826955	25	393	5	9	1	26	0	14	9	42	0	493	0	5	0	1
10826955	10828866	21	2	13	2	352	16	79	20	2	0	1	0	12	3	555	15
10828866	10829854	13	282	4	23	2	14	0	6	10	57	4	549	1	13	0	18
10829854	10830855	8	0	13	0	5	7	436	1	1	0	5	0	589	17	49	7
10830855	10832199	20	19	502	2	7	0	17	0	473	17	20	7	0	0	7	0
10832199	10839977	4	1	0	229	3	0	0	9	145	10	1	39	1	0	0	3
10839977	10841606	4	11	401	2	2	1	21	0	1	0	1	0	522	15	102	13
10841606	10843202	4	59	445	2	8	1	13	2	437	28	46	10	3	1	13	0
10843202	10845135	4	1	0	418	5	54	1	26	21	410	11	64	2	1	1	13
10845135	10852812	0	5	0	14	8	25	0	201	0	0	0	4	7	190	3	15
