Position1	Position2	count_AA	count_AT	count_AG	count_AC	count_TA	count_TT	count_TG	count_TC	count_GA	count_GT	count_GG	count_GC	count_CA	count_CT	count_CG	count_CC
11326787	11331754	186	6	65	11	9	0	3	0	44	14	308	13	8	0	3	0
11331754	11334427	10	203	7	34	0	4	0	17	30	43	18	539	1	7	0	21
11334427	11334778	0	6	1	40	2	244	3	91	0	4	0	26	6	0	9	740
11334778	11334917	1	1	6	1	228	10	8	3	2	0	12	0	37	17	883	5
11334917	11335142	4	2	7	246	0	1	13	14	29	71	782	80	0	0	4	5
11335142	11340487	10	0	6	0	23	1	18	0	274	6	167	5	17	1	145	0
11340487	11342453	9	5	108	328	1	2	5	7	3	3	541	76	0	0	3	4
11342453	11343604	0	0	9	3	0	0	7	5	17	16	100	531	8	38	355	8
11343604	11345915	0	0	6	13	0	0	6	41	6	1	8	349	27	13	401	14
11345915	11347098	0	33	0	6	0	13	0	0	6	456	2	2	14	41	5	431
11347098	11348399	11	0	9	0	19	6	457	1	5	0	3	0	412	15	32	5
11348399	11352958	1	8	297	7	2	0	7	3	265	3	55	5	1	0	2	0
11352958	11355523	12	401	5	1	6	6	0	0	381	149	2	8	7	11	0	1
11355523	11355742	27	399	8	32	23	95	4	615	0	1	0	8	2	10	0	1
11355742	11356520	13	32	1	0	16	402	8	5	1	9	0	0	558	25	1	2
11356520	11361565	62	312	4	3	263	13	2	1	1	0	0	0	2	2	0	0
11361565	11362935	6	308	3	87	5	4	0	477	0	2	0	5	0	2	1	3
11362935	11364881	5	0	4	0	29	3	251	3	1	0	7	0	468	4	12	4
11364881	11366078	36	8	465	1	3	0	6	1	312	12	14	4	5	0	5	1
11366078	11368294	12	249	17	67	0	10	3	5	10	12	5	559	1	4	0	2
11368294	11368627	0	15	0	12	7	299	3	38	6	23	0	5	18	75	2	620
11368627	11368741	1	19	1	8	16	41	6	324	0	0	0	6	14	600	9	42
11368741	11369896	13	0	10	3	42	5	564	2	5	0	11	1	334	5	5	1
11369896	11371196	11	3	1	368	0	3	0	11	19	484	8	61	1	2	2	4
11371196	11372797	0	1	15	13	18	5	64	352	0	1	1	7	6	6	345	45
11372797	11373436	1	0	6	15	1	1	8	3	4	12	438	59	9	14	16	358
11373436	11374750	3	0	11	0	7	0	20	0	461	14	12	2	17	18	338	1
11374750	11375617	31	14	434	4	18	0	19	1	482	14	35	12	2	0	1	0
11375617	11380108	296	3	15	16	8	0	4	2	27	3	237	0	5	0	5	2
11380108	11382120	17	380	9	21	0	6	1	9	8	14	4	386	0	24	0	4
11382120	11384187	0	7	0	24	11	32	4	428	1	5	0	11	9	352	5	18
11384187	11385529	0	2	11	12	2	9	391	25	0	0	3	4	9	6	13	457
11385529	11387317	12	0	2	0	14	0	8	1	15	18	399	1	435	26	9	5
11387317	11388239	15	12	15	430	3	0	22	29	4	5	427	8	1	0	0	6
11388239	11389858	9	1	4	0	6	1	5	0	17	8	413	1	328	13	16	7
11389858	11392985	346	5	3	3	14	1	4	1	34	3	362	9	8	0	0	0
11392985	11393888	6	631	10	17	0	13	0	6	5	77	8	398	0	11	0	5
11393888	11394971	0	1	3	4	9	52	558	94	0	0	8	5	5	4	0	425
11394971	11395444	0	8	0	8	2	46	3	7	13	526	17	9	5	12	2	565
11395444	11396467	16	0	5	1	500	11	12	8	19	1	2	0	9	7	562	4
11396467	11398183	27	24	435	3	5	0	11	0	497	8	9	4	3	0	8	0
11398183	11400099	28	10	461	7	21	0	9	1	424	9	12	24	3	0	4	1
11400099	11402779	6	0	8	429	0	1	9	10	10	4	381	25	0	0	3	23
11402779	11403288	1	8	0	9	0	1	0	8	4	3	7	430	16	606	29	75
11403288	11404964	0	13	0	5	3	484	5	0	0	15	3	5	8	87	27	376
11404964	11406527	1	3	0	9	25	446	22	65	0	2	2	25	5	2	2	310
11406527	11406930	27	1	0	7	492	10	3	6	25	0	0	2	157	17	3	317
11406930	11410184	5	11	405	84	0	2	11	11	0	0	3	1	8	3	17	214
11410184	11410336	0	1	12	3	1	0	10	18	11	4	21	532	8	16	300	67
11410336	11410807	9	2	8	0	13	3	4	1	250	53	12	5	57	31	505	6
11410807	11411247	12	28	6	249	3	21	1	63	16	534	15	17	0	7	0	5
11411247	11411671	16	3	16	0	28	21	528	1	8	1	12	0	333	30	45	2
11411671	11412516	18	365	9	9	0	33	1	19	4	55	3	519	0	3	0	1
11412516	11413165	16	1	5	0	416	11	71	2	8	0	5	0	13	12	531	2
11413165	11413561	8	5	1	484	0	10	0	14	16	508	16	92	0	2	0	2
11413561	11414979	1	7	0	15	3	2	1	495	0	1	0	14	25	479	10	27
11414979	11415878	24	0	3	0	481	15	2	8	8	0	2	0	56	34	520	8
11415878	11418063	9	367	21	99	0	10	0	32	7	2	8	477	0	6	1	8
11418063	11418193	14	0	9	0	528	5	4	4	29	1	13	0	123	44	604	4
11418193	11418741	11	574	7	46	1	5	0	40	15	13	2	552	0	3	0	3
11418741	11420132	10	0	14	0	484	21	21	10	7	0	1	0	21	6	534	0
11420132	11421302	543	14	3	5	24	6	0	0	34	519	10	2	10	0	1	0
11421302	11421865	47	19	45	539	5	6	505	17	0	1	11	4	0	0	2	3
11421865	11422120	0	40	1	12	1	13	0	15	5	23	1	605	22	468	7	79
11422120	11423333	19	0	7	3	459	4	94	10	8	0	2	0	89	7	639	8
11423333	11425704	511	19	6	5	9	0	1	0	123	43	468	8	13	2	2	0
11425704	11426247	19	572	8	120	0	22	0	34	6	5	1	457	0	3	0	7
11426247	11426942	15	1	6	2	502	12	15	23	7	0	1	0	63	8	558	10
11426942	11426946	15	536	2	20	0	15	1	7	10	12	0	648	3	20	0	9
11426946	11426957	0	11	1	17	17	38	15	534	0	2	0	2	13	642	11	18
11426957	11426969	0	15	0	15	13	650	3	31	0	12	1	14	18	38	17	498
11426969	11427682	15	2	11	0	47	8	594	1	17	0	2	0	485	9	13	14
11427682	11429573	534	7	5	8	15	0	5	1	66	5	469	6	13	0	0	0
11429573	11429768	647	18	64	6	9	0	5	0	32	33	458	10	15	1	4	0
11429768	11430346	49	6	2	650	30	1	0	20	396	11	5	134	7	0	0	10
11430346	11431765	365	25	6	39	9	0	0	7	6	0	0	2	120	19	4	585
11431765	11432711	24	103	394	2	3	12	29	0	0	3	7	0	17	631	28	3
11432711	11435346	27	2	14	0	90	11	559	8	351	7	20	14	1	0	1	0
11435346	11436846	31	22	405	3	6	0	9	1	591	23	15	9	1	2	13	0
11436846	11439940	2	38	405	24	0	2	18	14	8	30	87	294	0	0	9	3
11439940	11440957	0	10	0	3	0	40	1	46	21	118	2	547	15	454	10	18
11440957	11441950	19	0	16	0	91	34	471	3	4	0	8	0	592	15	18	7
11441950	11444815	12	58	5	409	0	20	0	12	15	322	2	18	0	3	0	4
11444815	11446560	1	14	1	10	14	372	10	56	1	3	1	5	4	21	10	497
11446560	11448639	6	2	16	0	41	10	363	3	12	0	11	0	557	11	51	2
11448639	11451434	4	11	419	31	1	0	10	8	10	1	25	233	0	1	2	1
11451434	11452363	13	0	2	1	3	1	13	0	25	5	591	8	277	8	18	11
11452363	11454904	11	296	5	1	1	6	1	7	16	32	19	394	1	10	0	2
11454904	11454962	15	2	10	1	22	8	388	3	20	0	10	1	381	7	59	6
11454962	11457237	306	27	13	12	3	2	9	0	52	18	296	2	6	1	3	0
11457237	11457377	460	24	18	9	46	4	15	2	18	8	428	3	10	1	6	1
11457377	11457582	20	481	20	49	1	23	1	14	16	15	12	430	1	10	1	2
11457582	11457738	1	16	3	18	15	448	23	73	3	21	1	10	12	48	14	432
11457738	11458115	13	1	18	0	405	23	53	8	21	0	18	0	70	21	444	2
11458115	11458138	8	463	18	14	2	26	2	15	8	60	6	443	0	8	0	1
11458138	11458158	8	0	9	0	427	14	51	13	14	2	9	1	10	4	410	2
11458158	11458248	29	10	31	331	7	0	3	10	420	9	5	42	2	0	1	11
11458248	11459432	64	18	335	4	12	0	7	0	36	2	0	0	374	4	0	4
11459432	11459780	20	492	20	51	0	11	1	15	11	5	7	347	0	3	0	5
11459780	11459794	1	17	0	13	25	481	10	23	1	18	0	9	5	10	4	405
11459794	11460351	0	25	0	6	23	496	10	7	1	12	0	4	14	17	1	407
11460351	11460364	0	25	16	1	12	524	24	21	0	10	1	1	0	11	417	2
11460364	11460668	13	0	0	1	583	8	1	5	113	373	1	4	23	2	0	0
11460668	11462903	144	8	354	1	275	3	8	2	2	0	0	0	3	0	1	0
11462903	11462956	411	13	79	7	6	0	6	1	36	11	317	6	2	0	0	0
11462956	11463492	10	441	12	38	0	12	0	13	9	25	7	363	1	5	0	10
11463492	11463495	14	0	12	0	456	20	24	9	14	2	5	0	16	23	391	25
11463495	11463744	118	373	8	5	28	15	1	1	425	6	3	8	30	6	0	0
11463744	11464290	91	6	422	31	383	8	5	6	9	0	3	0	5	0	6	0
11464290	11464914	20	8	420	6	7	0	6	0	381	6	6	12	22	0	9	0
11464914	11465037	417	14	12	15	10	0	5	0	6	10	428	4	12	0	4	0
11465037	11465745	59	9	393	0	11	1	11	0	424	4	11	2	8	0	12	1
11465745	11466163	52	9	434	2	11	1	4	0	370	19	66	4	0	0	3	0
11466163	11466391	33	5	397	11	7	0	22	0	412	8	77	5	0	0	5	1
11466391	11466509	13	414	7	32	0	8	0	6	20	48	6	436	0	7	1	9
11466509	11467132	1	16	2	13	8	45	3	391	2	4	1	7	11	351	38	38
11467132	11467133	9	0	13	0	2	5	468	0	16	8	23	0	453	14	16	6
11467133	11467162	34	14	3	421	38	6	2	6	451	37	7	9	0	0	0	6
11467162	11467175	4	16	471	40	2	3	41	10	0	1	9	2	5	2	7	406
11467175	11469172	3	0	4	0	12	0	3	1	309	17	9	11	15	11	350	4
11469172	11469759	368	5	45	11	18	2	17	1	9	6	424	3	15	0	6	1
11469759	11469994	2	9	0	500	0	1	7	11	10	25	437	122	1	0	5	14
11469994	11470337	5	0	5	0	16	1	17	1	353	20	66	7	47	18	590	3
11470337	11470938	375	10	5	4	20	14	2	1	108	447	16	30	7	2	0	1
11470938	11471152	120	27	387	1	467	12	6	4	17	2	6	0	37	0	5	1
11471152	11473186	369	106	8	12	10	25	1	0	8	347	2	0	6	1	0	0
11473186	11473362	285	10	20	20	26	12	484	13	4	0	3	1	7	1	1	1
11473362	11473699	11	185	3	38	3	8	0	7	7	18	2	331	2	15	0	12
11473699	11473703	1	14	1	8	7	212	10	23	0	3	0	4	18	22	32	354
11473703	11473704	6	1	18	1	4	3	325	0	13	3	27	2	491	70	13	3
11473704	11473707	8	17	5	470	8	52	1	14	9	331	8	22	0	1	0	5
11473707	11473988	13	1	9	0	76	4	278	3	5	0	8	0	451	4	16	6
11473988	11474872	466	12	3	67	6	0	0	2	60	5	10	237	9	0	0	2
11474872	11474874	515	7	57	26	12	0	6	2	8	0	6	0	19	1	302	9
11474874	11475860	317	7	113	4	4	0	2	0	86	16	140	3	14	0	11	0
11475860	11476781	292	12	74	10	7	1	11	1	100	11	121	4	3	0	3	0
11476781	11476819	397	8	52	14	12	1	17	2	0	5	267	3	11	0	8	1
