Position1	Position2	Position3	count_AAA	count_AAT	count_AAG	count_AAC	count_ATA	count_ATT	count_ATG	count_ATC	count_AGA	count_AGT	count_AGG	count_AGC	count_ACA	count_ACT	count_ACG	count_ACC	count_TAA	count_TAT	count_TAG	count_TAC	count_TTA	count_TTT	count_TTG	count_TTC	count_TGA	count_TGT	count_TGG	count_TGC	count_TCA	count_TCT	count_TCG	count_TCC	count_GAA	count_GAT	count_GAG	count_GAC	count_GTA	count_GTT	count_GTG	count_GTC	count_GGA	count_GGT	count_GGG	count_GGC	count_GCA	count_GCT	count_GCG	count_GCC	count_CAA	count_CAT	count_CAG	count_CAC	count_CTA	count_CTT	count_CTG	count_CTC	count_CGA	count_CGT	count_CGG	count_CGC	count_CCA	count_CCT	count_CCG	count_CCC
11326787	11331754	11334427	3	83	3	3	0	0	0	2	1	4	0	35	1	2	0	1	0	4	0	1	0	0	0	0	0	0	0	1	0	0	0	0	1	13	1	8	0	1	0	6	11	17	2	169	0	2	0	7	0	5	0	1	0	0	0	0	0	0	1	1	0	0	0	0
11331754	11334427	11334778	0	5	0	4	1	166	1	26	0	3	0	3	0	0	0	31	0	0	0	0	0	1	0	3	0	0	0	0	0	0	0	13	0	0	1	25	0	1	1	35	0	0	0	13	4	0	6	449	0	0	0	1	0	4	0	3	0	0	0	0	0	0	1	19
11334427	11334778	11334917	0	0	0	0	6	0	0	0	0	0	1	0	1	1	32	0	1	0	0	0	211	8	7	3	2	0	1	0	27	3	54	1	0	0	0	0	3	1	0	0	0	0	0	0	1	0	21	1	0	1	4	1	0	0	0	0	0	0	9	0	6	11	683	3
11334778	11334917	11335142	0	0	0	1	0	1	0	0	0	1	5	0	0	0	1	0	3	2	1	207	0	0	0	9	0	0	0	8	0	0	0	3	0	0	0	2	0	0	0	0	0	1	7	3	0	0	0	0	1	0	6	26	0	0	12	5	26	60	662	60	0	0	3	2
11334917	11335142	11340487	0	0	1	0	0	0	1	0	1	0	1	0	1	0	102	0	0	0	0	0	0	0	0	0	2	1	4	0	0	0	8	0	7	0	4	0	21	1	16	0	250	3	145	3	16	1	24	0	0	0	0	0	0	0	0	0	0	0	0	0	0	0	2	0
11335142	11340487	11342453	0	0	1	7	0	0	0	0	0	0	5	1	0	0	0	0	0	0	3	10	0	0	0	1	0	0	8	2	0	0	0	0	4	4	41	141	0	1	1	2	0	1	104	24	0	0	3	2	0	0	2	10	0	0	1	0	0	1	117	4	0	0	0	0
11340487	11342453	11343604	0	0	6	0	0	0	5	0	5	5	71	4	4	21	228	1	0	0	1	0	0	0	1	1	0	0	0	3	0	1	5	0	0	0	1	2	0	0	0	3	9	7	15	439	3	11	40	6	0	0	0	0	0	0	0	0	0	0	0	0	0	0	2	1
11342453	11343604	11345915	0	0	0	0	0	0	0	0	1	0	0	5	0	0	2	1	0	0	0	0	0	0	0	0	0	0	0	3	0	0	4	0	0	0	6	5	0	0	5	7	0	0	5	59	23	10	351	11	0	0	0	5	0	0	0	27	3	0	1	240	0	0	4	1
11343604	11345915	11347098	0	0	0	0	0	0	0	0	0	5	0	1	0	2	0	10	0	0	0	0	0	0	0	0	0	5	0	0	0	3	1	33	0	1	0	5	0	0	0	0	0	4	0	1	10	17	4	274	0	25	0	0	0	9	0	0	3	332	2	0	1	12	0	0
11345915	11347098	11348399	0	0	0	0	1	0	24	0	0	0	0	0	5	1	0	0	0	0	0	0	0	0	10	0	0	0	0	0	0	0	0	0	0	0	6	0	2	4	321	1	0	0	2	0	1	0	1	0	10	0	1	0	16	1	15	0	5	0	0	0	313	12	22	4
11347098	11348399	11352958	0	1	5	0	0	0	0	0	3	0	1	0	0	0	0	0	0	1	7	0	2	0	0	1	216	2	26	5	1	0	0	0	0	0	0	0	0	0	0	0	0	0	0	0	0	0	0	0	1	4	232	7	0	0	6	1	1	1	15	0	0	0	1	0
11348399	11352958	11355523	0	1	0	0	6	0	0	0	160	37	0	3	2	0	0	1	0	1	0	0	0	0	0	0	4	0	0	0	1	1	0	0	3	194	1	1	0	2	0	0	5	34	1	0	0	2	0	0	0	0	0	0	0	0	0	0	2	0	0	0	0	0	0	0
11352958	11355523	11355742	0	0	0	12	8	2	1	378	0	0	0	5	0	0	0	1	0	6	0	0	0	1	0	5	0	0	0	0	0	0	0	0	22	322	5	14	8	77	3	50	0	1	0	1	1	7	0	0	1	6	0	0	0	1	0	9	0	0	0	0	1	0	0	0
11355523	11355742	11356520	0	22	1	0	11	322	5	4	0	6	0	0	16	12	0	0	12	8	0	0	4	71	3	1	1	3	0	0	516	13	1	2	0	0	0	0	0	1	0	0	0	0	0	0	7	0	0	0	0	2	0	0	1	8	0	0	0	0	0	0	1	0	0	0
11355742	11356520	11361565	1	6	0	0	14	1	0	0	0	0	0	0	0	0	0	0	6	1	0	1	185	4	1	0	1	0	0	0	2	0	0	0	0	0	0	0	4	0	0	0	0	0	0	0	0	0	0	0	49	269	3	2	5	6	0	0	0	0	0	0	0	1	0	0
11356520	11361565	11362935	0	7	0	42	3	1	0	255	0	0	0	3	0	0	1	2	4	153	2	9	0	1	0	9	0	2	0	0	0	0	0	0	0	0	0	0	0	0	0	0	0	0	0	0	0	0	0	0	0	2	0	0	0	0	0	1	0	0	0	0	0	0	0	0
11361565	11362935	11364881	0	0	4	0	25	1	207	2	0	0	2	0	55	0	9	0	3	0	0	0	1	0	2	1	0	0	0	0	313	2	1	3	0	0	0	0	0	0	1	0	0	0	0	0	2	0	0	0	0	0	0	0	0	0	2	0	0	0	1	0	2	0	0	0
11362935	11364881	11366078	0	0	5	0	0	0	0	0	2	0	0	0	0	0	0	0	18	1	0	0	2	0	0	0	176	9	8	3	2	0	0	1	0	0	0	0	0	0	0	0	4	0	0	0	0	0	0	0	1	4	387	0	0	0	4	0	10	0	0	0	0	0	4	0
11364881	11366078	11368294	1	22	1	6	0	1	0	4	6	1	3	373	0	1	0	0	1	1	0	1	0	0	0	0	0	1	0	4	0	0	0	1	8	190	12	39	0	6	2	1	0	8	2	1	0	3	0	0	0	3	1	1	0	0	0	0	0	0	0	5	1	0	0	0
11366078	11368294	11368627	0	11	0	0	4	191	2	29	2	13	0	1	3	52	2	3	0	0	0	0	0	7	0	1	1	2	0	0	0	1	0	3	0	0	0	8	1	8	0	1	2	2	0	0	12	3	0	457	0	0	0	1	0	4	0	0	0	0	0	0	0	2	0	0
11368294	11368627	11368741	0	0	0	0	0	1	1	13	0	0	0	0	0	10	2	0	1	0	0	4	10	24	2	229	0	0	0	3	0	5	0	31	0	3	0	2	0	2	0	19	0	0	0	0	0	2	0	3	0	15	1	2	5	12	3	48	0	0	0	2	14	570	7	6
11368627	11368741	11369896	1	0	0	0	1	0	13	0	0	0	1	0	7	0	0	0	12	0	0	2	31	1	2	1	5	0	1	0	271	3	2	1	0	0	0	0	0	0	0	0	0	0	0	0	3	1	0	0	0	0	10	1	5	4	510	1	0	0	8	1	38	0	3	0
11368741	11369896	11371196	0	0	0	10	0	0	0	0	1	8	0	0	0	1	0	1	0	0	0	33	0	2	0	2	15	413	6	43	0	0	1	1	0	0	0	4	0	0	0	0	1	6	1	0	0	1	0	0	8	2	1	266	0	0	0	5	0	2	0	1	0	0	0	1
11369896	11371196	11372797	0	1	8	1	0	0	3	0	0	0	1	0	4	5	263	2	0	0	0	0	0	0	0	3	0	0	0	0	0	0	10	1	0	0	3	9	15	5	57	297	0	1	0	4	1	0	6	35	0	0	0	1	0	0	0	1	0	0	0	2	0	0	4	0
11371196	11372797	11373436	0	0	0	0	0	0	1	0	0	0	13	2	1	0	1	8	1	0	1	13	1	1	0	3	1	5	6	41	6	13	6	244	0	0	0	0	0	0	0	0	0	0	1	0	0	0	2	5	0	0	5	1	0	0	6	0	1	4	324	2	1	0	4	30
11372797	11373436	11374750	0	0	1	0	0	0	0	0	3	1	0	0	3	1	9	0	0	0	1	0	0	0	1	0	8	0	0	0	0	0	3	0	1	0	3	0	5	0	7	0	370	11	4	0	5	5	35	0	2	0	6	0	0	0	9	0	4	0	7	0	9	9	247	1
11373436	11374750	11375617	2	0	1	0	0	0	0	0	10	0	1	0	0	0	0	0	0	0	6	0	0	0	0	0	16	1	0	0	0	0	0	0	3	10	381	3	0	0	13	0	6	0	5	0	1	0	1	0	13	1	0	1	14	0	0	0	261	8	21	3	0	0	0	0
11374750	11375617	11380108	14	0	1	0	1	0	4	1	0	3	213	0	0	0	2	0	11	0	0	0	0	0	0	0	1	0	8	0	0	0	1	0	215	3	8	13	7	0	0	1	15	0	3	0	5	0	2	2	1	0	0	0	0	0	0	0	0	0	1	0	0	0	0	0
11375617	11380108	11382120	7	197	4	11	0	2	0	0	0	7	0	1	0	12	0	1	0	5	0	0	0	0	0	0	0	0	0	2	0	2	0	0	0	22	0	1	0	0	0	2	5	1	0	150	0	0	0	0	0	4	0	0	0	0	0	0	0	1	0	3	0	1	0	0
11380108	11382120	11384187	0	1	0	12	4	17	2	257	0	1	0	8	0	3	1	10	0	0	0	0	0	1	0	3	1	0	0	0	0	8	0	0	0	5	0	0	1	2	1	6	0	4	0	0	6	274	4	4	0	0	0	0	0	0	0	18	0	0	0	0	0	4	0	0
11382120	11384187	11385529	0	0	0	0	0	0	4	0	0	0	0	0	0	0	0	14	0	2	0	5	0	0	2	16	0	0	0	1	6	2	7	305	0	0	1	0	0	0	4	1	0	0	0	0	0	0	0	9	0	0	9	0	0	8	257	2	0	0	3	1	0	1	3	8
11384187	11385529	11387317	0	0	0	0	2	0	0	0	0	1	8	0	7	1	0	1	0	0	2	0	0	0	7	0	3	16	334	0	19	1	0	0	0	0	0	0	0	0	0	0	0	0	3	0	2	1	0	0	7	0	0	0	5	0	0	0	9	1	3	0	332	13	6	4
11385529	11387317	11388239	1	0	1	9	0	0	0	0	0	0	2	0	0	0	0	0	1	0	2	8	0	0	0	0	1	2	4	0	0	0	0	1	1	0	1	7	0	0	13	0	1	1	346	0	0	0	0	1	10	8	5	312	2	0	2	20	2	0	0	6	0	0	0	4
11387317	11388239	11389858	7	0	0	0	5	1	0	0	11	0	1	0	254	11	14	6	1	0	1	0	0	0	0	0	0	1	14	0	20	0	0	0	1	0	2	0	0	0	5	0	3	6	364	1	3	0	0	0	0	0	1	0	0	0	0	0	0	0	0	0	4	0	0	0
11388239	11389858	11392985	6	0	0	0	1	0	0	0	0	0	3	0	0	0	0	0	5	0	0	0	1	0	0	0	0	0	2	0	0	0	0	0	9	1	3	0	0	0	3	0	17	2	241	8	0	0	0	0	263	3	0	3	9	1	0	1	12	0	0	0	6	0	0	0
11389858	11392985	11393888	2	291	0	0	0	4	0	0	0	1	0	2	0	3	0	0	0	12	0	0	0	1	0	0	0	1	1	1	0	1	0	0	0	15	0	12	0	0	0	3	2	49	6	269	0	2	0	5	0	7	0	0	0	0	0	0	0	0	0	0	0	0	0	0
11392985	11393888	11394971	0	1	3	0	7	44	452	16	0	0	7	0	1	0	0	13	0	0	0	0	0	1	9	3	0	0	0	0	0	0	0	5	0	0	0	4	0	3	1	60	0	0	0	5	2	4	0	333	0	0	0	0	1	2	5	0	0	0	0	0	1	0	0	3
11393888	11394971	11395444	0	0	0	0	0	1	0	0	0	1	1	0	0	0	0	3	0	7	0	2	1	40	3	2	12	469	15	7	3	9	0	78	0	0	0	0	0	0	0	0	0	7	0	1	0	0	0	5	0	0	0	5	0	0	0	4	0	0	0	0	0	0	2	411
11394971	11395444	11396467	0	0	0	0	6	0	0	0	0	0	0	0	0	0	6	0	1	0	0	1	39	1	0	2	2	0	0	0	0	0	6	0	13	0	0	0	405	10	5	4	15	0	0	0	6	1	0	0	0	0	4	0	5	0	1	0	0	0	2	0	2	6	503	3
11395444	11396467	11398183	0	1	12	0	0	0	0	0	3	1	0	0	0	0	1	0	21	18	357	0	0	0	8	0	1	1	7	0	0	0	6	0	0	1	11	0	0	0	1	0	2	0	0	0	0	0	0	0	3	0	6	0	5	0	1	0	449	6	0	4	2	0	0	0
11396467	11398183	11400099	15	0	1	2	16	0	1	1	287	5	9	14	2	0	0	1	0	0	3	0	0	0	0	0	6	1	0	1	0	0	0	0	6	8	384	5	1	0	7	0	5	0	0	1	0	0	3	0	0	0	2	0	0	0	0	0	4	0	0	0	0	0	0	0
11398183	11400099	11402779	0	0	4	16	0	1	8	0	8	4	292	7	0	0	2	0	1	0	0	12	0	0	0	0	0	0	4	2	0	0	0	1	4	0	2	314	0	0	0	9	0	0	0	9	0	0	0	16	0	0	0	3	0	0	0	0	0	0	2	0	0	0	0	1
11400099	11402779	11403288	0	6	0	0	0	0	0	0	0	2	0	5	9	346	15	33	0	0	0	0	0	0	0	1	0	0	0	9	1	9	0	0	0	0	0	9	0	0	0	3	4	1	6	325	1	8	0	13	0	0	0	0	0	0	0	0	0	0	0	3	2	17	2	1
11402779	11403288	11404964	0	1	0	0	0	6	0	0	0	0	0	0	0	0	1	5	0	0	0	0	0	1	0	0	0	0	0	0	0	0	0	5	0	0	0	1	0	1	0	0	0	0	2	4	7	28	19	260	0	11	0	1	3	456	5	0	0	15	1	0	0	47	3	9
11403288	11404964	11406527	0	0	0	0	0	7	0	1	0	0	0	0	0	0	0	4	1	1	0	0	16	322	12	11	0	0	1	1	0	0	0	0	0	0	0	0	1	9	1	2	0	1	0	1	0	0	0	4	0	0	0	7	2	27	4	38	0	1	1	17	4	2	2	262
11404964	11406527	11406930	1	0	0	0	3	0	0	0	0	0	0	0	3	0	0	6	22	1	0	1	415	8	2	5	21	0	0	0	33	4	1	24	0	0	0	0	2	0	0	0	2	0	0	0	10	1	0	13	0	0	0	5	1	0	0	1	0	0	0	2	90	7	1	205
11406527	11406930	11410184	0	1	19	0	0	0	0	0	0	0	0	0	0	0	1	5	0	4	296	2	0	0	9	0	0	0	2	0	0	0	4	1	0	0	15	0	0	0	0	0	0	0	0	0	0	0	0	2	4	3	15	70	0	2	2	11	0	0	1	1	7	3	12	192
11406930	11410184	11410336	0	1	2	2	0	0	2	9	7	3	4	321	2	0	69	9	0	0	0	0	0	0	1	1	1	0	0	7	0	0	8	3	0	0	0	0	0	0	0	0	2	0	0	1	0	0	0	1	0	0	7	1	0	0	3	0	0	0	7	7	4	12	145	36
11410184	11410336	11410807	0	0	0	0	1	0	0	0	9	1	1	0	1	0	1	0	1	0	0	0	0	0	0	0	7	1	1	1	2	3	11	1	2	1	7	0	0	1	2	0	14	4	2	0	5	15	465	3	6	1	1	0	12	2	1	1	199	44	8	4	43	11	5	1
11410336	11410807	11411247	0	1	0	5	0	1	0	1	0	8	0	0	0	0	0	0	0	2	0	8	0	0	0	2	0	2	0	1	0	0	0	1	10	10	4	179	3	1	0	38	0	0	2	10	0	1	0	3	1	5	2	32	0	15	1	9	14	456	11	5	0	5	0	1
11410807	11411247	11411671	10	2	0	0	18	2	6	0	5	0	1	0	180	21	32	0	2	0	1	0	2	2	16	0	0	0	1	0	51	3	4	0	0	0	15	0	2	15	481	1	1	1	10	0	10	0	3	0	0	0	0	0	1	0	4	0	0	0	0	0	4	1	0	0
11411247	11411671	11412516	0	13	1	0	0	2	0	0	0	1	0	14	0	0	0	0	2	21	1	2	0	2	0	17	2	5	3	470	0	0	0	1	0	5	1	1	0	0	0	0	0	1	0	9	0	0	0	0	13	268	4	5	0	23	1	0	2	35	0	4	0	1	0	0
11411671	11412516	11413165	14	1	1	0	282	5	45	1	7	0	0	0	4	2	1	1	0	0	0	0	26	0	4	0	0	0	0	0	0	1	16	0	1	0	3	0	40	2	6	1	0	0	2	0	8	8	467	1	0	0	0	0	3	0	0	0	0	0	0	0	0	0	1	0
11412516	11413165	11413561	0	0	0	16	0	0	0	1	0	3	1	1	0	0	0	0	6	0	1	397	0	0	0	10	1	0	0	69	0	1	0	1	0	0	0	8	0	0	0	0	1	4	0	0	0	0	0	0	0	5	0	8	0	9	0	2	11	461	13	9	0	1	0	1
11413165	11413561	11414979	1	6	0	0	0	0	0	5	0	1	0	0	21	373	9	10	0	0	0	0	0	0	0	9	0	0	0	0	1	10	0	2	0	1	0	13	2	2	0	421	0	0	0	13	1	68	1	9	0	0	0	0	0	0	0	1	0	0	0	0	0	1	0	1
11413561	11414979	11415878	1	0	0	0	5	0	0	0	0	0	0	0	2	2	5	0	0	0	3	0	1	0	1	0	0	0	1	0	27	27	358	5	0	0	0	0	1	0	0	0	0	0	0	0	2	1	10	0	21	0	0	0	398	13	0	6	8	0	0	0	17	0	7	1
11414979	11415878	11418063	2	15	2	2	0	0	0	0	0	0	0	1	0	0	0	0	6	301	16	55	0	10	0	2	0	0	1	0	0	5	1	0	0	6	0	1	0	0	0	0	0	0	1	1	0	0	0	0	1	8	2	35	0	0	0	27	6	2	5	412	0	1	0	7
11415878	11418063	11418193	9	0	0	0	355	3	2	2	20	0	1	0	62	2	30	0	0	0	0	0	9	0	1	0	0	0	0	0	3	3	25	0	0	0	6	0	0	1	1	0	0	1	7	0	19	29	399	3	0	0	0	0	6	0	0	0	1	0	0	0	0	0	8	0
11418063	11418193	11418741	0	10	0	0	0	0	0	0	0	0	0	9	0	0	0	0	7	447	5	16	0	3	0	0	2	2	0	0	0	3	0	0	1	21	0	2	0	1	0	0	0	0	0	9	0	0	0	0	3	75	2	27	1	1	0	39	13	11	2	524	0	0	0	3
11418193	11418741	11420132	8	0	1	0	437	20	13	9	5	0	0	0	16	1	23	0	0	0	1	0	2	0	1	0	0	0	0	0	1	0	33	0	1	0	10	0	2	0	6	0	0	0	1	0	3	5	427	0	0	0	0	0	2	0	1	0	0	0	0	0	0	0	3	0
11418741	11420132	11421302	10	0	0	0	0	0	0	0	0	10	0	1	0	0	0	0	405	10	2	3	18	2	0	0	11	6	0	0	7	0	1	0	6	0	0	0	0	0	0	0	0	1	0	0	0	0	0	0	16	3	0	0	2	3	0	0	17	389	8	1	0	0	0	0
11420132	11421302	11421865	37	14	22	388	0	0	3	10	0	0	0	2	0	0	0	3	2	1	0	15	0	0	4	1	0	0	0	0	0	0	0	0	2	2	16	8	5	5	454	2	0	1	8	1	0	0	2	0	1	0	0	9	0	0	0	0	0	0	0	1	0	0	0	0
11421302	11421865	11422120	0	38	1	6	1	12	0	6	2	15	0	26	20	428	5	71	0	0	0	5	0	0	0	6	2	7	1	486	1	9	1	3	0	0	0	0	0	0	0	1	0	0	0	11	0	2	0	2	0	0	0	0	0	0	0	0	0	0	0	2	0	3	0	0
11421865	11422120	11423333	0	0	0	0	31	1	6	1	0	0	1	0	5	0	5	0	0	0	0	0	12	0	0	0	0	0	0	0	4	0	10	0	2	0	3	0	11	0	9	0	0	0	1	0	4	5	555	6	15	0	3	2	344	3	66	9	7	0	0	0	63	1	8	2
11422120	11423333	11425704	15	0	0	0	0	0	0	0	2	1	2	0	1	0	0	0	340	17	2	4	3	0	0	0	57	1	7	1	7	1	0	0	6	0	0	0	0	0	0	0	1	0	0	0	0	0	0	0	72	1	3	1	4	0	1	0	39	28	382	6	3	1	2	0
11423333	11425704	11426247	17	356	6	42	0	14	0	1	0	3	0	1	0	3	0	0	0	4	0	2	0	0	0	0	0	0	0	0	0	0	0	0	0	66	0	44	0	6	0	28	4	2	1	380	0	0	0	7	0	9	0	3	0	1	0	1	0	0	0	2	0	0	0	0
11425704	11426247	11426942	15	0	0	2	449	11	11	20	5	0	0	0	55	1	37	4	0	0	0	0	16	1	2	0	0	0	0	0	2	0	25	1	0	0	3	0	3	0	2	0	0	0	1	0	3	5	407	4	0	0	0	0	3	0	0	0	0	0	0	0	0	0	7	0
11426247	11426942	11426946	0	14	0	1	0	1	0	0	0	0	0	6	0	2	0	0	14	418	2	11	0	11	0	0	0	8	0	4	3	16	0	1	0	7	0	0	0	0	0	0	0	0	0	1	0	0	0	0	0	44	0	8	0	0	1	6	9	4	0	529	0	2	0	8
11426942	11426946	11426957	0	0	1	14	13	30	11	451	0	1	0	1	2	4	1	11	0	0	0	0	1	1	2	9	0	1	0	0	0	5	1	1	0	10	0	0	0	4	1	6	0	0	0	0	10	608	8	2	0	1	0	2	1	1	0	18	0	0	0	0	0	7	0	2
11426946	11426957	11426969	0	0	0	0	0	10	0	1	0	0	0	1	0	1	2	12	0	2	0	12	0	8	0	21	0	1	1	10	16	30	13	420	0	0	0	0	0	1	1	0	0	0	0	0	0	0	0	2	0	12	0	1	12	609	2	7	0	11	0	0	1	1	1	13
11426957	11426969	11427682	0	0	0	0	2	0	12	0	0	0	0	0	12	0	0	0	0	0	11	0	6	8	559	0	1	0	2	0	23	1	5	0	0	0	0	0	1	0	10	0	1	0	0	0	12	0	2	0	13	2	0	0	32	0	1	0	15	0	0	0	409	7	6	14
11426969	11427682	11429573	13	0	0	0	2	0	0	0	1	0	6	0	0	0	0	0	30	1	3	2	0	0	5	0	50	5	422	6	1	0	0	0	14	0	0	0	0	0	0	0	0	0	2	0	0	0	0	0	379	6	1	5	8	0	0	1	6	0	5	0	12	0	0	0
11427682	11429573	11429768	482	12	0	3	7	0	0	0	1	0	4	0	8	0	0	0	13	0	0	1	0	0	0	0	0	1	3	0	1	0	0	0	10	3	50	0	1	0	3	0	26	27	362	7	0	1	4	0	12	0	1	0	0	0	0	0	0	0	0	0	0	0	0	0
11429573	11429768	11430346	28	6	1	588	2	0	0	15	39	0	1	21	1	0	0	5	1	0	0	7	0	0	0	0	2	0	0	2	0	0	0	0	19	0	0	11	26	1	0	5	320	10	4	101	5	0	0	5	0	0	1	14	1	0	0	0	3	0	0	1	0	0	0	0
11429768	11430346	11431765	18	1	1	20	0	0	0	6	0	0	0	2	17	4	0	521	20	1	0	1	1	0	0	0	0	0	0	0	4	2	0	11	282	19	5	11	7	0	0	1	5	0	0	0	79	11	1	6	3	1	0	0	0	0	0	0	0	0	0	0	2	0	2	4
11430346	11431765	11432711	19	65	233	2	2	6	11	0	0	0	5	0	1	21	10	1	0	1	6	0	0	0	0	0	0	0	0	0	0	4	1	0	0	3	2	0	0	0	0	0	0	0	0	0	0	2	0	0	1	24	76	0	1	5	12	0	0	2	2	0	15	483	13	2
11431765	11432711	11435346	20	1	1	0	58	3	13	5	242	4	11	7	1	0	0	0	2	1	0	0	4	0	4	0	18	1	0	1	0	0	0	0	0	0	0	0	2	0	1	0	1	0	1	0	0	0	0	0	0	0	10	0	9	6	451	0	14	1	6	0	0	0	1	0
11432711	11435346	11436846	3	1	14	1	0	0	0	1	12	0	0	1	0	0	0	0	8	2	64	0	6	0	4	0	442	17	4	6	0	1	6	0	16	16	262	2	0	0	5	0	8	1	7	0	1	1	5	0	1	0	0	0	0	0	0	0	1	0	0	0	0	0	0	0
11435346	11436846	11439940	0	2	3	16	0	0	3	10	5	25	55	207	0	0	1	0	0	0	2	0	0	0	0	0	1	0	1	2	0	0	0	1	2	25	324	3	0	0	11	0	0	0	7	7	0	0	4	0	0	0	0	0	0	0	1	0	0	1	3	6	0	0	0	0
11436846	11439940	11440957	0	0	0	1	0	1	0	32	7	5	0	330	1	17	1	2	0	0	0	0	0	1	0	1	0	3	1	12	0	11	0	2	0	7	0	0	0	23	0	2	3	68	1	5	10	220	6	6	0	0	0	0	0	0	0	0	0	1	0	6	1	2	0	0
11439940	11440957	11441950	0	0	0	0	1	1	5	0	0	0	0	0	2	0	1	0	0	0	0	0	4	2	29	0	0	0	0	0	37	1	2	0	13	0	5	0	22	9	77	0	1	0	1	0	474	13	5	5	4	0	10	0	59	20	322	2	3	0	7	0	3	0	10	1
11440957	11441950	11444815	0	2	0	11	0	0	0	0	1	7	0	1	0	0	0	0	1	44	2	3	0	17	0	0	14	262	2	12	0	2	0	0	0	1	0	1	0	0	0	0	0	3	0	0	0	0	0	0	9	4	3	349	0	0	0	10	0	12	0	1	0	0	0	3
11441950	11444815	11446560	0	3	0	7	3	38	2	7	1	1	1	2	3	1	8	328	0	0	0	0	0	12	0	3	0	0	0	0	0	1	0	9	0	10	1	0	7	239	6	30	0	0	0	1	0	16	0	1	0	0	0	0	0	2	0	1	0	0	0	0	0	0	0	3
11444815	11446560	11448639	1	0	0	0	1	1	12	0	0	0	0	0	6	0	0	0	0	1	11	0	26	7	262	3	0	0	10	0	7	1	37	0	1	0	0	0	0	0	2	0	1	0	0	0	3	0	2	0	3	1	0	0	3	1	12	0	8	0	0	0	398	6	1	1
11446560	11448639	11451434	0	0	3	0	0	0	1	1	0	0	0	10	0	0	0	0	0	0	4	13	1	0	0	5	10	0	12	158	0	0	0	1	0	0	6	0	0	0	0	0	0	0	0	3	0	0	0	0	4	9	312	7	0	0	7	0	0	0	1	27	0	0	2	0
11448639	11451434	11452363	0	0	2	0	0	1	10	0	1	2	371	1	16	1	7	0	0	0	0	1	0	0	0	0	0	0	9	1	7	0	0	0	10	0	0	0	1	0	0	0	19	0	2	1	155	5	6	6	0	0	0	0	1	0	0	0	0	0	1	0	1	0	0	0
11451434	11452363	11454904	0	6	1	0	0	0	0	0	0	0	0	0	0	0	0	0	0	3	0	0	0	0	0	1	0	0	2	7	0	0	0	0	0	18	2	0	0	0	1	3	12	22	14	315	1	3	0	2	9	202	2	1	0	5	0	0	0	8	0	7	0	5	0	0
11452363	11454904	11454962	0	2	8	0	3	4	247	1	1	0	3	0	0	0	1	0	1	0	0	0	0	0	6	0	1	0	0	0	4	0	0	0	12	0	2	1	15	0	13	0	13	0	4	1	289	5	48	5	0	0	0	0	0	0	8	0	0	0	0	0	2	0	0	0
11454904	11454962	11457237	10	1	1	0	0	0	2	0	0	1	6	0	0	0	0	0	12	0	4	0	0	0	6	0	6	11	281	2	0	0	3	0	10	3	0	1	0	0	0	0	4	0	4	0	0	0	0	0	236	17	6	10	2	1	1	0	32	5	0	0	5	1	0	0
11454962	11457237	11457377	262	12	8	5	21	2	0	0	10	0	2	1	8	1	1	1	3	0	0	0	2	0	0	0	1	0	8	0	0	0	0	0	44	2	4	1	5	1	11	1	1	4	281	2	0	0	2	0	6	0	0	0	1	0	0	0	0	0	3	0	0	0	0	0
11457237	11457377	11457582	15	387	14	33	1	17	0	5	1	12	1	3	1	7	1	0	2	33	3	8	0	4	0	0	0	0	0	15	0	2	0	0	0	11	1	5	0	0	0	8	13	2	10	398	0	0	0	2	1	9	0	0	0	0	0	1	1	1	0	4	0	1	0	0
11457377	11457582	11457738	0	14	1	5	14	379	20	62	2	14	0	2	0	40	1	6	0	1	0	0	0	21	0	1	0	1	0	0	1	5	0	8	1	1	1	13	0	10	2	3	1	2	1	8	10	0	13	404	0	0	0	0	1	4	0	5	0	1	0	0	0	0	0	2
11457582	11457738	11458115	0	0	1	0	13	0	0	0	2	0	1	0	4	0	13	0	11	1	3	0	338	21	47	6	18	0	3	0	54	5	9	1	1	0	2	0	16	1	1	1	0	0	1	0	3	0	7	0	1	0	11	0	37	1	4	1	1	0	13	0	8	16	394	1
11457738	11458115	11458138	0	12	0	0	0	1	0	0	0	4	0	11	0	0	0	0	7	343	13	7	1	19	2	0	1	44	1	1	0	7	0	0	0	21	0	0	0	0	0	0	1	2	0	14	0	0	0	0	0	53	5	6	1	5	0	15	6	8	5	407	0	1	0	1
11458115	11458138	11458158	7	0	1	0	355	7	43	9	12	1	4	1	6	0	6	0	1	0	1	0	19	1	1	1	1	0	1	0	0	0	14	0	0	0	7	0	43	6	7	1	1	1	4	0	3	4	386	1	0	0	0	0	7	0	0	1	0	0	0	0	0	0	1	0
11458138	11458158	11458248	0	1	0	7	0	0	0	0	7	0	0	2	0	0	0	0	24	7	28	282	2	0	3	6	4	0	3	30	0	0	1	11	0	1	0	9	1	0	0	1	5	0	0	2	1	0	0	0	3	0	1	6	4	0	0	0	386	7	2	3	1	0	0	0
11458158	11458248	11459432	27	0	0	0	9	0	0	0	23	2	0	0	287	3	0	1	3	0	4	0	0	0	0	0	3	0	0	0	10	0	0	0	28	15	296	4	2	0	6	0	5	0	0	0	36	0	0	2	0	1	1	0	0	0	0	0	1	0	0	0	10	0	0	0
11458248	11459432	11459780	4	24	2	26	0	1	0	12	6	2	4	297	0	0	0	4	1	9	0	1	0	0	0	0	0	0	0	5	0	0	0	0	1	25	0	4	0	1	1	0	0	0	0	0	0	0	0	0	10	296	9	3	0	4	0	0	0	0	0	0	0	3	0	0
11459432	11459780	11459794	1	15	0	3	25	419	10	16	0	17	0	1	1	9	2	36	0	0	0	0	0	11	0	0	0	1	0	0	0	0	0	14	0	0	0	10	0	0	0	5	1	0	0	6	4	1	2	336	0	0	0	0	0	3	0	0	0	0	0	0	0	0	0	5
11459780	11459794	11460351	0	1	0	0	1	12	0	0	0	0	0	0	0	0	0	12	0	22	0	0	18	408	8	5	0	8	0	1	0	13	0	7	0	0	0	1	1	16	0	0	0	0	0	0	0	0	0	8	0	0	0	5	0	8	0	2	0	2	0	2	12	2	1	362
11459794	11460351	11460364	0	0	0	0	0	21	1	2	0	0	0	0	0	0	6	0	0	21	0	1	8	419	18	17	0	9	0	1	0	6	1	0	0	1	0	0	0	10	0	1	0	0	0	0	0	1	3	0	0	0	14	0	1	11	3	0	0	0	1	0	0	2	397	2
11460351	11460364	11460668	0	0	0	0	25	0	0	0	5	11	0	0	1	0	0	0	11	0	0	1	504	5	1	4	23	1	0	0	21	0	0	0	0	0	0	0	8	1	0	1	0	1	0	0	1	0	0	0	0	0	0	0	10	1	0	0	79	325	1	4	0	2	0	0
11460364	11460668	11462903	2	0	7	0	0	0	0	0	0	0	0	0	0	0	0	0	70	5	290	1	2	0	3	0	0	0	0	0	0	0	1	0	60	1	12	0	235	3	2	2	1	0	0	0	3	0	0	0	0	1	13	0	2	0	0	0	0	0	0	0	0	0	0	0
11460668	11462903	11462956	69	0	60	3	2	0	3	1	27	7	253	5	0	0	0	0	254	8	0	3	3	0	0	0	4	0	2	0	1	0	0	0	2	0	0	0	0	0	0	0	0	0	0	0	0	0	0	0	2	1	0	0	0	0	0	0	0	0	0	0	0	0	0	0
11462903	11462956	11463492	7	371	10	4	0	12	0	1	2	4	1	61	0	4	0	3	0	4	0	2	0	0	0	0	0	0	1	5	0	0	0	0	3	6	0	22	0	0	0	10	7	17	4	247	1	0	0	5	0	2	0	0	0	0	0	0	0	0	0	0	0	0	0	0
11462956	11463492	11463495	9	0	1	0	405	18	1	4	11	0	1	0	2	2	29	2	0	0	0	0	12	0	0	0	0	0	0	0	0	0	9	1	2	0	7	0	2	1	16	2	2	1	4	0	10	15	272	16	0	0	1	0	3	0	0	1	0	0	0	0	0	0	8	1
11463492	11463495	11463744	7	7	0	0	0	0	0	0	12	0	0	0	0	0	0	0	81	347	8	4	3	15	1	0	24	0	0	0	6	3	0	0	4	9	0	1	2	0	0	0	4	0	1	0	0	0	0	0	14	1	0	0	22	0	0	1	364	6	2	8	23	0	0	0
11463495	11463744	11464290	68	0	19	6	323	8	1	5	7	0	0	0	3	0	0	0	3	0	20	1	15	0	0	0	0	0	1	0	1	0	0	0	11	5	303	16	0	0	4	0	1	0	2	0	0	0	6	0	4	0	19	1	4	0	0	0	0	0	0	0	0	0	0	0
11463744	11464290	11464914	18	3	61	2	6	0	0	0	349	5	5	12	21	0	3	0	0	4	345	4	0	0	6	0	3	1	0	0	0	0	6	0	0	1	6	0	0	0	0	0	3	0	0	0	0	0	0	0	1	0	4	0	0	0	0	0	4	0	0	0	0	0	0	0
11464290	11464914	11465037	17	2	1	0	1	0	5	0	0	9	383	2	0	0	4	0	7	0	0	0	0	0	0	0	0	0	6	0	0	0	0	0	328	9	8	15	6	0	0	0	4	1	0	1	10	0	0	0	19	1	2	0	0	0	0	0	1	0	8	0	0	0	0	0
11464914	11465037	11465745	55	9	342	0	3	1	10	0	3	0	8	0	4	0	9	0	1	0	9	0	0	0	0	0	5	0	0	0	0	0	0	0	1	0	5	0	8	0	1	0	401	4	1	2	3	0	1	0	0	0	12	0	0	0	0	0	4	0	0	0	0	0	0	0
11465037	11465745	11466163	40	2	7	2	9	0	0	0	287	14	40	3	0	0	0	0	2	0	7	0	1	0	0	0	9	0	2	0	0	0	0	0	3	4	362	0	0	0	4	0	9	0	1	0	0	0	2	0	2	1	4	0	0	0	0	0	7	1	4	0	0	0	1	0
11465745	11466163	11466391	10	0	39	1	6	0	3	0	400	7	13	5	0	0	1	0	1	2	8	0	0	0	1	0	4	0	0	0	0	0	0	0	21	3	322	8	1	0	17	0	4	1	56	0	0	0	3	1	0	0	0	0	0	0	0	0	2	0	1	0	0	0	0	0
11466163	11466391	11466509	0	8	0	23	0	0	0	5	13	37	2	312	0	2	1	7	0	6	0	1	0	0	0	0	0	1	0	18	0	0	0	0	13	361	7	3	0	7	0	0	5	7	2	58	0	5	0	0	0	0	0	0	0	0	0	0	0	1	0	4	0	0	0	1
11466391	11466509	11467132	1	1	0	10	3	5	1	362	1	0	0	5	0	19	2	3	0	0	0	0	0	1	0	6	0	0	0	0	1	5	0	0	0	14	2	2	2	33	2	5	1	3	1	1	10	305	33	31	0	0	0	0	1	1	0	4	0	1	0	0	0	6	1	0
11466509	11467132	11467133	1	0	0	0	0	0	16	0	2	0	0	0	10	0	2	0	6	0	2	0	0	0	45	0	1	0	2	0	377	5	3	5	1	0	1	0	0	0	4	0	0	1	0	0	5	1	0	0	1	0	10	0	1	4	346	0	11	7	20	0	15	4	11	0
11467132	11467133	11467162	1	0	0	8	0	0	0	0	11	0	1	1	0	0	0	0	2	0	0	0	3	1	1	0	398	33	5	6	0	0	0	0	10	2	1	1	5	1	1	1	20	3	0	0	0	0	0	0	18	11	2	408	8	1	0	5	10	1	1	2	0	0	0	6
11467133	11467162	11467175	0	2	21	9	0	0	4	9	0	0	2	1	4	2	1	393	1	4	28	4	0	0	5	1	0	0	2	0	0	0	0	4	3	10	398	25	2	3	31	0	0	1	5	1	0	0	6	3	0	0	0	0	0	0	0	0	0	0	0	0	1	0	0	5
11467162	11467175	11469172	1	0	0	0	9	0	0	0	253	16	8	11	11	2	6	1	2	0	0	0	1	0	0	0	29	0	0	0	0	0	7	0	0	0	0	0	1	0	0	0	6	0	0	0	0	0	1	0	0	0	4	0	0	0	2	0	4	0	1	0	0	9	321	3
11467175	11469172	11469759	2	0	0	0	0	0	0	0	0	0	4	0	0	0	0	0	11	0	0	0	0	0	0	0	0	0	3	0	0	0	1	0	250	2	34	7	11	1	4	1	6	0	2	0	10	0	1	0	10	0	1	1	1	1	7	0	0	5	325	3	0	0	3	0
11469172	11469759	11469994	1	7	0	348	0	0	0	5	0	0	0	43	1	0	0	10	0	1	0	17	0	0	0	2	1	1	9	6	0	0	0	1	0	0	0	9	0	0	6	0	7	20	351	43	0	0	3	0	0	0	0	14	0	0	0	0	1	0	3	2	0	0	0	1
11469759	11469994	11470337	0	0	2	0	0	0	8	1	0	0	0	0	4	13	462	2	0	0	0	0	1	0	0	0	5	0	1	0	0	1	9	0	5	0	3	0	15	1	9	0	328	19	63	7	41	2	75	1	0	0	0	0	0	0	0	0	4	0	0	0	0	1	13	0
11469994	11470337	11470938	5	0	0	0	0	0	0	0	2	1	0	0	0	0	0	0	13	0	1	1	0	0	1	0	7	7	0	0	0	1	0	0	315	6	4	2	18	1	0	0	61	0	1	0	6	0	0	1	40	4	0	1	2	13	1	1	36	432	15	30	1	1	0	0
11470337	11470938	11471152	62	20	280	1	6	0	4	0	0	0	4	0	0	0	4	0	5	0	15	0	13	0	1	0	1	1	0	0	1	0	0	0	41	5	58	0	417	12	0	3	15	0	1	0	29	0	0	1	2	0	5	0	2	0	0	0	0	0	0	0	0	0	1	0
11470938	11471152	11473186	13	63	3	1	3	20	0	0	8	312	2	0	0	1	0	0	284	26	5	9	7	2	1	0	0	5	0	0	4	0	0	0	12	1	0	0	0	2	0	0	0	4	0	0	0	0	0	0	21	5	0	0	0	0	0	0	0	5	0	0	1	0	0	0
11471152	11473186	11473362	265	8	10	19	20	3	66	6	4	0	1	1	7	1	1	1	3	0	3	0	2	1	21	1	0	0	0	0	0	0	0	0	0	0	5	0	3	8	316	2	0	0	2	0	0	0	0	0	4	0	0	0	0	0	1	0	0	0	0	0	0	0	0	0
11473186	11473362	11473699	11	152	2	29	2	5	0	0	0	5	0	11	2	11	0	3	0	16	0	4	1	1	0	7	7	11	2	309	0	1	0	8	0	2	0	1	0	0	0	0	0	0	0	1	0	1	0	0	0	4	0	0	0	1	0	0	0	1	0	0	0	0	0	0
11473362	11473699	11473703	1	9	1	0	4	161	8	10	0	1	0	2	1	15	18	4	0	2	0	1	0	8	0	0	0	0	0	0	0	0	1	6	0	0	0	7	0	6	1	11	0	0	0	2	16	2	6	303	0	2	0	0	1	14	0	0	0	0	0	0	0	3	0	9
11473699	11473703	11473704	0	0	1	0	0	0	14	0	0	0	1	0	8	0	0	0	1	1	5	0	0	1	211	0	3	0	6	1	12	9	1	0	0	0	0	0	0	0	3	0	0	0	0	0	2	1	0	0	5	0	12	1	1	1	20	0	10	3	18	1	330	10	2	3
11473703	11473704	11473707	0	0	0	5	0	1	0	0	1	6	0	11	0	0	0	1	1	0	0	0	1	1	0	1	8	289	8	8	0	0	0	0	0	6	1	5	1	2	0	0	0	25	0	1	0	1	0	1	7	11	4	460	6	48	1	13	0	11	0	2	0	0	0	3
11473704	11473707	11473988	5	0	0	0	6	1	5	0	3	0	1	0	422	4	2	5	4	0	3	0	7	0	39	0	0	0	1	0	8	0	4	0	2	1	6	0	61	3	230	3	2	0	6	0	10	0	9	0	0	0	0	0	0	0	1	0	0	0	0	0	4	0	0	1
11473707	11473988	11474872	8	1	0	3	0	0	0	1	1	0	0	6	0	0	0	0	15	1	3	51	1	0	0	1	53	2	8	202	1	0	0	1	2	0	0	3	0	0	0	0	1	1	0	6	0	0	0	0	412	8	0	8	4	0	0	0	3	2	1	10	6	0	0	0
11473988	11474872	11474874	430	5	10	15	11	0	0	1	2	0	1	0	7	0	58	2	5	0	1	0	0	0	0	0	0	0	0	0	1	0	1	0	10	0	39	9	0	0	4	1	5	0	5	0	10	1	220	6	9	0	0	0	0	0	0	0	0	0	0	0	0	0	2	0
11474872	11474874	11475860	299	6	100	3	3	0	2	0	12	2	23	0	13	0	7	0	5	0	2	1	0	0	0	0	2	0	1	0	0	0	1	0	1	0	3	0	0	0	0	0	2	0	1	0	0	0	0	0	8	0	3	0	1	0	0	0	70	14	112	3	1	0	3	0
11474874	11475860	11476781	269	8	8	7	5	0	0	1	91	3	6	3	3	0	1	0	2	1	1	0	0	0	0	0	2	0	0	0	0	0	0	0	4	3	61	3	1	1	11	0	3	8	106	1	0	0	2	0	6	0	4	0	0	0	0	0	2	0	8	0	0	0	0	0
11475860	11476781	11476819	234	5	27	7	7	1	1	0	0	0	71	2	4	0	5	0	4	1	1	0	0	0	1	0	0	0	10	1	1	0	0	0	78	1	8	4	2	0	8	1	0	1	118	0	3	0	1	0	2	0	0	0	0	0	0	0	0	0	3	0	0	0	0	0
