11016731
11016784
11016914
11017146
11017301
11018044
11018470
11018642
11018725
11018773
11018889
11019022
11019116
11019146
11019294
11019370
11019451
11019515
11019557
11020162
11020171
11020172
11020198
11020252
11020343
11020480
11020518
11020531
11020573
11021559
11021685
11021733
11021796
11021818
11021877
11022042
11022073
11023866
11023935
11025509
11025686
11026196
11026460
11027374
11027753
11028079
11028550
11028764
11028777
11028796
11028875
11028888
11029009
11029474
11029512
11029539
11029558
11029561
11029745
11029747
11029832
11029909
11029954
11030610
11030614
11030913
11031210
11031361
11031396
11031405
11031422
11031701
11031768
11031799
11032223
11033237
11033270
11033579
11033912
11034221
11034520
11035781
11036469
11036602
11036871
11037099
11037677
11037734
11039091
11041467
11043124
11043437
11043701
11044399
11045744
11047476
11047628
11051833
11052801
11052805
11056269
11056736
11057508
11058125
11058515
11058588
11059012
11061299
11065145
11066867
11070266
11072004
11076791
11078703
11079699
11080699
11082074
11089861
11091491
11093087
11095012
11102689
11854310
11854257
11854127
11853895
11853740
11852997
11852571
11852399
11852316
11852268
11852152
11852019
11851928
11851898
11851750
11851674
11851593
11851529
11851487
11850882
11850873
11850872
11850846
11850792
11850704
11850567
11850529
11850516
11850474
11849482
11849356
11849308
11849245
11849223
11849164
11848999
11848968
11847175
11847106
11845532
11845355
11844845
11844581
11843667
11843288
11842962
11842488
11842274
11842261
11842242
11842163
11842150
11842029
11841564
11841526
11841499
11841480
11841477
11841296
11841294
11841209
11841132
11841087
11840431
11840427
11840128
11839831
11839680
11839645
11839636
11839619
11839340
11839273
11839242
11838818
11837804
11837771
11837462
11837129
11836831
11836532
11835271
11834583
11834450
11834181
11833953
11833375
11833318
11831961
11829585
11827926
11827613
11827349
11826651
11825306
11823574
11823422
11819217
11818249
11818245
11814781
11814314
11813542
11812925
11812535
11812462
11812038
11809751
11805905
11804183
11800784
11799046
11794259
11792347
11791351
11790351
11788976
11781189
11779559
11777963
11776038
11768361
