11874546
11879498
11882186
11882537
11882676
11882901
11888244
11890210
11891361
11893672
11894856
11896158
11900721
11903285
11903501
11904289
11909353
11910721
11912674
11913871
11916070
11916403
11916517
11917672
11918969
11920570
11921209
11922523
11923390
11927878
11929890
11931957
11933300
11935092
11936014
11937633
11940761
11941664
11942747
11943220
11944243
11945961
11947879
11950560
11951069
11952742
11954307
11954709
11957963
11958133
11958604
11959049
11959473
11960318
11960967
11961363
11962780
11963679
11965868
11965998
11966546
11967937
11969107
11969670
11969925
11971138
11973509
11974055
11974752
11974756
11974767
11974779
11975492
11977383
11977578
11978156
11979575
11980521
11983156
11984656
11987750
11988767
11989760
11992625
11994370
11996449
11999244
12000173
12002715
12002773
12005041
12005181
12005386
12005542
12005919
12005942
12005962
12006052
12007236
12007584
12007598
12008155
12008168
12008472
12010707
12010760
12011297
12011300
12011549
12012095
12012719
12012842
12013554
12013972
12014200
12014318
12014941
12014942
12014971
12014984
12016981
12017568
12017803
12018146
12018747
12018961
12021015
12021191
12021528
12021532
12021533
12021536
12021817
12022701
12022703
12023692
12024613
12024651
11294796
11289629
11287157
11286806
11286667
11286442
11281099
11279133
11277982
11275673
11274489
11273187
11268624
11266059
11265843
11265055
11259991
11258623
11256670
11255473
11253274
11252941
11252827
11251672
11250375
11248774
11248135
11246821
11245954
11241466
11239454
11237387
11236044
11234252
11233330
11231711
11228583
11227680
11226597
11226124
11225101
11223383
11221465
11218784
11218275
11216602
11215037
11214635
11211381
11211211
11210740
11210295
11209871
11209026
11208377
11207981
11206564
11205665
11203476
11203346
11202798
11201407
11200237
11199674
11199419
11198206
11195835
11195285
11194588
11194584
11194573
11194561
11193848
11191957
11191762
11191184
11189765
11188819
11186184
11184684
11181590
11180573
11179580
11176715
11174970
11172891
11170096
11169167
11166625
11166567
11164299
11164159
11163954
11163798
11163421
11163398
11163378
11163288
11162104
11161756
11161742
11161185
11161172
11160868
11158633
11158580
11158043
11158040
11157791
11157245
11156621
11156498
11155786
11155368
11155140
11155028
11154405
11154404
11154375
11154362
11152365
11151778
11151546
11151203
11150602
11150388
11148332
11148156
11147819
11147815
11147814
11147811
11147530
11146646
11146644
11145658
11144737
11144699
