12187451
12187504
12187634
12187866
12188021
12188764
12189191
12189363
12189446
12189494
12189610
12189743
12189837
12189867
12190015
12190091
12190172
12190236
12190278
12190883
12190892
12190893
12190919
12190973
12191064
12191201
12191239
12191252
12191294
12192286
12192412
12192460
12192523
12192545
12192604
12192769
12192800
12194610
12194679
12196253
12196430
12196940
12197204
12198118
12198495
12198818
12199289
12199503
12199516
12199535
12199614
12199627
12199748
12200214
12200252
12200279
12200298
12200301
12200482
12200484
12200569
12200646
12200691
12201347
12201351
12201650
12201946
12202097
12202132
12202141
12202158
12202437
12202504
12202535
12202960
12203974
12204007
12204316
12204649
12204947
12205246
12206507
12207195
12207328
12207603
12207831
12208409
12208466
12209825
12212201
12213859
12214172
12214436
12215134
12216470
12218202
12218354
12222559
12223529
12223533
12226997
12227464
12228236
12228853
12229243
12229316
12229740
12232027
12235873
12237595
12240996
12242734
12247522
12249433
12250421
12251422
12252798
12260574
12262204
12263800
12265730
12273403
12746832
12751796
12754484
12754835
12754974
12755199
12760540
12762506
12763655
12765964
12767144
12768445
12773013
12775580
12775804
12776588
12781646
12783013
12784966
12786163
12788362
12788695
12788809
12789964
12791263
12792863
12793496
12794810
12795677
12800175
12802191
12804260
12805603
12807395
12808317
12809937
12813067
12813970
12815054
12815527
12816550
12818266
12820184
12822860
12823372
12825045
12826610
12827012
12830266
12830440
12830911
12831350
12831774
12832619
12833268
12833664
12835081
12835980
12838168
12838298
12838846
12840237
12841407
12841970
12842225
12843443
12845814
12846364
12847061
12847065
12847076
12847088
12847801
12849692
12849887
12850462
12851881
12852826
12855462
12856963
12860067
12861084
12862077
12864931
12866676
12868755
12871550
12872470
12875017
12875075
12877350
12877490
12877695
12877851
12878228
12878251
12878271
12878361
12879535
12879883
12879897
12880454
12880467
12880771
12883006
12883059
12883595
12883598
12883847
12884393
12885017
12885140
12885852
12886270
12886498
12886616
12887239
12887240
12887269
12887282
12889279
12889866
12890101
12890444
12891045
12891259
12893313
12893489
12893826
12893830
12893831
12893834
12894115
12894999
12895001
12895987
12896908
12896946
