10766895
10766948
10767078
10767310
10767465
10768208
10768636
10768808
10768891
10768939
10769055
10769188
10769279
10769309
10769457
10769533
10769614
10769678
10769720
10770325
10770334
10770335
10770361
10770415
10770503
10770640
10770678
10770691
10770733
10771725
10771851
10771899
10771962
10771984
10772043
10772208
10772239
10774030
10774099
10775673
10775850
10776360
10776624
10777538
10777916
10778242
10778715
10778929
10778942
10778961
10779040
10779053
10779174
10779640
10779678
10779705
10779724
10779727
10779908
10779910
10779995
10780072
10780117
10780763
10780767
10781066
10781363
10781514
10781549
10781558
10781575
10781854
10781921
10781952
10782376
10783390
10783423
10783732
10784065
10784363
10784662
10785923
10786611
10786744
10787013
10787241
10787819
10787876
10789235
10791611
10793270
10793583
10793847
10794544
10795902
10797635
10797787
10802000
10802965
10802969
10806432
10806899
10807671
10808288
10808678
10808751
10809174
10811461
10815307
10817029
10820429
10822167
10826955
10828866
10829854
10830855
10832199
10839977
10841606
10843202
10845135
10852812
