11326787
11331754
11334427
11334778
11334917
11335142
11340487
11342453
11343604
11345915
11347098
11348399
11352958
11355523
11355742
11356520
11361565
11362935
11364881
11366078
11368294
11368627
11368741
11369896
11371196
11372797
11373436
11374750
11375617
11380108
11382120
11384187
11385529
11387317
11388239
11389858
11392985
11393888
11394971
11395444
11396467
11398183
11400099
11402779
11403288
11404964
11406527
11406930
11410184
11410336
11410807
11411247
11411671
11412516
11413165
11413561
11414979
11415878
11418063
11418193
11418741
11420132
11421302
11421865
11422120
11423333
11425704
11426247
11426942
11426946
11426957
11426969
11427682
11429573
11429768
11430346
11431765
11432711
11435346
11436846
11439940
11440957
11441950
11444815
11446560
11448639
11451434
11452363
11454904
11454962
11457237
11457377
11457582
11457738
11458115
11458138
11458158
11458248
11459432
11459780
11459794
11460351
11460364
11460668
11462903
11462956
11463492
11463495
11463744
11464290
11464914
11465037
11465745
11466163
11466391
11466509
11467132
11467133
11467162
11467175
11469172
11469759
11469994
11470337
11470938
11471152
11473186
11473362
11473699
11473703
11473704
11473707
11473988
11474872
11474874
11475860
11476781
11476819
