10766895
10766948
10767078
10767310
10767465
10768208
10768636
10768808
10768891
10768939
10769055
10769188
10769279
10769309
10769457
10769533
10769614
10769678
10769720
10770325
10770334
10770335
10770361
10770415
10770503
10770640
10770678
10770691
10770733
10771725
10771851
10771899
10771962
10771984
10772043
10772208
10772239
10774030
10774099
10775673
10775850
10776360
10776624
10777538
10777916
10778242
10778715
10778929
10778942
10778961
10779040
10779053
10779174
10779640
10779678
10779705
10779724
10779727
10779908
10779910
10779995
10780072
10780117
10780763
10780767
10781066
10781363
10781514
10781549
10781558
10781575
10781854
10781921
10781952
10782376
10783390
10783423
10783732
10784065
10784363
10784662
10785923
10786611
10786744
10787013
10787241
10787819
10787876
10789235
10791611
10793270
10793583
10793847
10794544
10795902
10797635
10797787
10802000
10802965
10802969
10806432
10806899
10807671
10808288
10808678
10808751
10809174
10811461
10815307
10817029
10820429
10822167
10826955
10828866
10829854
10830855
10832199
10839977
10841606
10843202
10845135
10852812
11307435
11308008
11308992
11309182
11309715
11311109
11311682
11311790
11311812
11312528
11313010
11313175
11313421
11314227
11315321
11317791
11318753
11320273
11322054
11322575
11324895
11326966
11330224
11331754
11334427
11334778
11334917
11335142
11340487
11342453
11343604
11345915
11347098
11348399
11352958
11355523
11355742
11356520
11361565
11362935
11364881
11366078
11368294
11368627
11368741
11369896
11371196
11372797
11373436
11374750
11375617
11380108
11384187
11388239
11389858
11392985
11400099
11404964
11411247
11411671
11412516
11413165
11414979
11415878
11418063
11418193
11418741
11420132
11422120
11425704
11426247
11426942
11426946
11426957
11426969
11427682
11429573
11429768
11430346
11431765
11432711
11435346
11436846
11439940
11440957
11441950
11444815
11446560
11448639
11451434
11452363
11454904
11454962
11457237
11457377
11457582
11457738
11458115
11458138
11458158
11458248
11459432
11459780
11459794
11460351
11460364
11460668
11462903
11462956
11463492
11463495
11463744
11464290
11464914
11465037
11465745
11466163
11466391
11466509
11467132
11467133
11467162
11467175
11469172
11469759
11470938
11473186
11473362
11473699
11473703
11473704
11473707
11473988
11474872
11474874
11476781
11476819
