3491068
3491015
3490885
3490653
3490498
3489755
3489329
3489157
3489074
3489026
3488910
3488777
3488683
3488653
3488505
3488429
3488348
3488284
3488242
3487637
3487628
3487627
3487601
3487547
3487456
3487319
3487281
3487268
3487226
3486240
3486114
3486066
3486003
3485981
3485922
3485757
3485726
3483933
3483864
3482290
3482113
3481603
3481339
3480425
3480046
3479720
3479249
3479035
3479022
3479003
3478924
3478911
3478790
3478325
3478287
3478260
3478241
3478238
3478054
3478052
3477967
3477890
3477845
3477189
3477185
3476886
3476589
3476438
3476403
3476394
3476377
3476098
3476031
3476000
3475576
3474562
3474529
3474220
3473887
3473578
3473279
3472018
3471330
3471197
3470928
3470700
3470122
3470065
3468707
3466330
3464673
3464360
3464096
3463398
3462053
3460319
3460167
3455962
3454994
3454990
3451526
3451059
3450287
3449670
3449280
3449207
3448783
3446496
3442650
3440928
3437527
3435789
3431002
3429091
3428103
3427103
3425728
3417940
3416309
3414712
3412786
3405109
