3192783
3192730
3192600
3192368
3192213
3191470
3191043
3190871
3190788
3190740
3190624
3190491
3190400
3190370
3190222
3190146
3190065
3190001
3189959
3189354
3189345
3189344
3189318
3189264
3189176
3189039
3189001
3188988
3188946
3187954
3187828
3187780
3187717
3187695
3187636
3187471
3187440
3185647
3185578
3184004
3183827
3183317
3183053
3182139
3181760
3181434
3180960
3180746
3180733
3180714
3180635
3180622
3180501
3180036
3179998
3179971
3179952
3179949
3179768
3179766
3179681
3179604
3179559
3178903
3178899
3178600
3178303
3178152
3178117
3178108
3178091
3177812
3177745
3177714
3177290
3176276
3176243
3175934
3175601
3175303
3175004
3173742
3173054
3172921
3172652
3172424
3171846
3171789
3170431
3168055
3166397
3166084
3165820
3165122
3163786
3162054
3161902
3157697
3156729
3156725
3153261
3152794
3152022
3151405
3151015
3150942
3150518
3148230
3144383
3142661
3139262
3137524
3132736
3130825
3129829
3128829
3127454
3119664
3118034
3116438
3114513
3106836
