2632981
2628041
2625353
2625002
2624863
2624638
2619293
2617329
2616178
2613869
2612686
2611385
2606824
2604259
2604042
2603258
2598213
2596844
2594891
2593702
2591506
2591173
2591059
2589904
2588604
2587004
2586365
2585051
2584184
2579687
2577673
2575604
2574261
2572494
2571572
2569952
2566824
2565921
2564838
2564365
2563342
2561624
2559706
2557025
2556516
2554843
2553273
2552870
2549615
2549472
2549001
2548561
2548137
2547292
2546643
2546247
2544830
2543931
2541740
2541610
2541062
2539671
2538501
2537938
2537683
2536457
2534086
2533545
2532848
2532844
2532833
2532821
2532108
2530217
2530022
2529445
2528026
2527080
2524445
2522945
2519851
2518835
2517842
2514978
2513232
2511143
2508348
2507421
2504901
2504843
2502567
2502427
2502222
2502066
2501689
2501666
2501646
2501556
2500372
2500024
2500010
2499453
2499440
2499136
2496905
2496852
2496316
2496313
2496064
2495518
2494894
2494770
2494058
2493640
2493412
2493294
2492671
2492670
2492641
2492628
2490631
2490044
2489812
2489469
2488868
2488654
2486598
2486422
2486085
2486081
2486080
2486077
2485796
2484912
2484910
2483924
2483003
2482965
