3213019
3217971
3220659
3221010
3221149
3221374
3226717
3228683
3229834
3232145
3233329
3234630
3239194
3241760
3241976
3242764
3247815
3249183
3251136
3252333
3254532
3254865
3254979
3256134
3257431
3259032
3259671
3260985
3261852
3266342
3268354
3270421
3271763
3273551
3274473
3276092
3279220
3280123
3281206
3281679
3282702
3284420
3286338
3289012
3289521
3291194
3292759
3293161
3296419
3296589
3297060
3297505
3297929
3298774
3299423
3299819
3301238
3302137
3304326
3304456
3305004
3306395
3307565
3308128
3308383
3309595
3311966
3312516
3313210
3313214
3313225
3313237
3313950
3315841
3316036
3316614
3318033
3318979
3321614
3323114
3326208
3327225
3328218
3331083
3332828
3334907
3337702
3338631
3341173
3341231
3343500
3343640
3343845
3344001
3344378
3344401
3344421
3344511
3345695
3346043
3346057
3346614
3346627
3346931
3349166
3349219
3349756
3349759
3350008
3350554
3351178
3351301
3352013
3352431
3352659
3352771
3353394
3353395
3353424
3353437
3355434
3356021
3356253
3356596
3357197
3357411
3359467
3359643
3359980
3359984
3359985
3359988
3360269
3361153
3361155
3362141
3363062
3363100
