3192783
3192730
3192600
3192368
3192213
3191470
3191043
3190871
3190788
3190740
3190624
3190491
3190400
3190370
3190222
3190146
3190065
3190001
3189959
3189354
3189345
3189344
3189318
3189264
3189176
3189039
3189001
3188988
3188946
3187954
3187828
3187780
3187717
3187695
3187636
3187471
3187440
3185647
3185578
3184004
3183827
3183317
3183053
3182139
3181760
3181434
3180960
3180746
3180733
3180714
3180635
3180622
3180501
3180036
3179998
3179971
3179952
3179949
3179768
3179766
3179681
3179604
3179559
3178903
3178899
3178600
3178303
3178152
3178117
3178108
3178091
3177812
3177745
3177714
3177290
3176276
3176243
3175934
3175601
3175303
3175004
3173742
3173054
3172921
3172652
3172424
3171846
3171789
3170431
3168055
3166397
3166084
3165820
3165122
3163786
3162054
3161902
3157697
3156729
3156725
3153261
3152794
3152022
3151405
3151015
3150942
3150518
3148230
3144383
3142661
3139262
3137524
3132736
3130825
3129829
3128829
3127454
3119664
3118034
3116438
3114513
3106836
3213019
3217971
3220659
3221010
3221149
3221374
3226717
3228683
3229834
3232145
3233329
3234630
3239194
3241760
3241976
3242764
3247815
3249183
3251136
3252333
3254532
3254865
3254979
3256134
3257431
3259032
3259671
3260985
3261852
3266342
3268354
3270421
3271763
3273551
3274473
3276092
3279220
3280123
3281206
3281679
3282702
3284420
3286338
3289012
3289521
3291194
3292759
3293161
3296419
3296589
3297060
3297505
3297929
3298774
3299423
3299819
3301238
3302137
3304326
3304456
3305004
3306395
3307565
3308128
3308383
3309595
3311966
3312516
3313210
3313214
3313225
3313237
3313950
3315841
3316036
3316614
3318033
3318979
3321614
3323114
3326208
3327225
3328218
3331083
3332828
3334907
3337702
3338631
3341173
3341231
3343500
3343640
3343845
3344001
3344378
3344401
3344421
3344511
3345695
3346043
3346057
3346614
3346627
3346931
3349166
3349219
3349756
3349759
3350008
3350554
3351178
3351301
3352013
3352431
3352659
3352771
3353394
3353395
3353424
3353437
3355434
3356021
3356253
3356596
3357197
3357411
3359467
3359643
3359980
3359984
3359985
3359988
3360269
3361153
3361155
3362141
3363062
3363100
3491068
3491015
3490885
3490653
3490498
3489755
3489329
3489157
3489074
3489026
3488910
3488777
3488683
3488653
3488505
3488429
3488348
3488284
3488242
3487637
3487628
3487627
3487601
3487547
3487456
3487319
3487281
3487268
3487226
3486240
3486114
3486066
3486003
3485981
3485922
3485757
3485726
3483933
3483864
3482290
3482113
3481603
3481339
3480425
3480046
3479720
3479249
3479035
3479022
3479003
3478924
3478911
3478790
3478325
3478287
3478260
3478241
3478238
3478054
3478052
3477967
3477890
3477845
3477189
3477185
3476886
3476589
3476438
3476403
3476394
3476377
3476098
3476031
3476000
3475576
3474562
3474529
3474220
3473887
3473578
3473279
3472018
3471330
3471197
3470928
3470700
3470122
3470065
3468707
3466330
3464673
3464360
3464096
3463398
3462053
3460319
3460167
3455962
3454994
3454990
3451526
3451059
3450287
3449670
3449280
3449207
3448783
3446496
3442650
3440928
3437527
3435789
3431002
3429091
3428103
3427103
3425728
3417940
3416309
3414712
3412786
3405109
2632981
2628945
2628201
2628041
2627825
2627467
2626935
2625353
2625002
2624863
2624638
2619293
2617329
2616178
2613869
2612686
2611385
2606824
2604259
2604042
2603258
2598213
2596844
2594891
2593702
2591506
2591173
2591059
2589904
2588604
2587004
2586365
2585051
2584184
2579687
2577673
2575604
2574261
2572494
2571572
2569952
2566824
2565921
2564838
2564365
2563342
2561624
2559706
2557025
2556516
2554843
2553273
2552870
2549615
2549472
2549001
2548561
2548137
2547292
2546643
2546247
2544830
2543931
2541740
2541610
2541062
2539671
2538501
2537938
2537683
2536457
2534086
2533545
2532848
2532844
2532833
2532821
2532108
2530217
2530022
2529445
2528026
2527080
2524445
2522945
2519851
2518835
2517842
2514978
2513232
2511143
2508348
2507421
2504901
2504843
2502567
2502427
2502222
2502066
2501689
2501666
2501646
2501556
2500372
2500024
2500010
2499453
2499440
2499136
2496905
2496852
2496316
2496313
2496064
2495518
2494894
2494770
2494058
2493640
2493412
2493294
2492671
2492670
2492641
2492628
2490631
2490044
2489812
2489469
2488868
2488654
2486598
2486422
2486085
2486081
2486080
2486077
2485796
2484912
2484910
2483924
2483003
2482965
