11016732
11016785
11016915
11017147
11017302
11018045
11018471
11018643
11018726
11018774
11018890
11019023
11019117
11019147
11019295
11019371
11019452
11019516
11019558
11020163
11020172
11020173
11020199
11020253
11020344
11020481
11020519
11020532
11020574
11021560
11021686
11021734
11021797
11021819
11021878
11022043
11022074
11023867
11023936
11025510
11025687
11026197
11026461
11027375
11027754
11028080
11028551
11028765
11028778
11028797
11028876
11028889
11029010
11029475
11029513
11029540
11029559
11029562
11029746
11029748
11029833
11029910
11029955
11030611
11030615
11030914
11031211
11031362
11031397
11031406
11031423
11031702
11031769
11031800
11032224
11033238
11033271
11033580
11033913
11034222
11034521
11035782
11036470
11036603
11036872
11037100
11037678
11037735
11039092
11041468
11043125
11043438
11043702
11044400
11045745
11047477
11047629
11051834
11052802
11052806
11056270
11056737
11057509
11058126
11058516
11058589
11059013
11061300
11065146
11066868
11070267
11072005
11076792
11078704
11079700
11080700
11082075
11089862
11091492
11093088
11095013
11102690
11874547
11879499
11882187
11882538
11882677
11882902
11888245
11890211
11891362
11893673
11894857
11896159
11900722
11903286
11903502
11904290
11909354
11910722
11912675
11913872
11916071
11916404
11916518
11917673
11918970
11920571
11921210
11922524
11923391
11927879
11929891
11931958
11933301
11935093
11936015
11937634
11940762
11941665
11942748
11943221
11944244
11945962
11947880
11950561
11951070
11952743
11954308
11954710
11957964
11958134
11958605
11959050
11959474
11960319
11960968
11961364
11962781
11963680
11965869
11965999
11966547
11967938
11969108
11969671
11969926
11971139
11973510
11974056
11974753
11974757
11974768
11974780
11975493
11977384
11977579
11978157
11979576
11980522
11983157
11984657
11987751
11988768
11989761
11992626
11994371
11996450
11999245
12000174
12002716
12002774
12005042
12005182
12005387
12005543
12005920
12005943
12005963
12006053
12007237
12007585
12007599
12008156
12008169
12008473
12010708
12010761
12011298
12011301
12011550
12012096
12012720
12012843
12013555
12013973
12014201
12014319
12014942
12014943
12014972
12014985
12016982
12017569
12017804
12018147
12018748
12018962
12021016
12021192
12021529
12021533
12021534
12021537
12021818
12022702
12022704
12023693
12024614
12024652
11854311
11854258
11854128
11853896
11853741
11852998
11852572
11852400
11852317
11852269
11852153
11852020
11851929
11851899
11851751
11851675
11851594
11851530
11851488
11850883
11850874
11850873
11850847
11850793
11850705
11850568
11850530
11850517
11850475
11849483
11849357
11849309
11849246
11849224
11849165
11849000
11848969
11847176
11847107
11845533
11845356
11844846
11844582
11843668
11843289
11842963
11842489
11842275
11842262
11842243
11842164
11842151
11842030
11841565
11841527
11841500
11841481
11841478
11841297
11841295
11841210
11841133
11841088
11840432
11840428
11840129
11839832
11839681
11839646
11839637
11839620
11839341
11839274
11839243
11838819
11837805
11837772
11837463
11837130
11836832
11836533
11835272
11834584
11834451
11834182
11833954
11833376
11833319
11831962
11829586
11827927
11827614
11827350
11826652
11825307
11823575
11823423
11819218
11818250
11818246
11814782
11814315
11813543
11812926
11812536
11812463
11812039
11809752
11805906
11804184
11800785
11799047
11794260
11792348
11791352
11790352
11788977
11781190
11779560
11777964
11776039
11768362
11294797
11289630
11287158
11286807
11286668
11286443
11281100
11279134
11277983
11275674
11274490
11273188
11268625
11266060
11265844
11265056
11259992
11258624
11256671
11255474
11253275
11252942
11252828
11251673
11250376
11248775
11248136
11246822
11245955
11241467
11239455
11237388
11236045
11234253
11233331
11231712
11228584
11227681
11226598
11226125
11225102
11223384
11221466
11218785
11218276
11216603
11215038
11214636
11211382
11211212
11210741
11210296
11209872
11209027
11208378
11207982
11206565
11205666
11203477
11203347
11202799
11201408
11200238
11199675
11199420
11198207
11195836
11195286
11194589
11194585
11194574
11194562
11193849
11191958
11191763
11191185
11189766
11188820
11186185
11184685
11181591
11180574
11179581
11176716
11174971
11172892
11170097
11169168
11166626
11166568
11164300
11164160
11163955
11163799
11163422
11163399
11163379
11163289
11162105
11161757
11161743
11161186
11161173
11160869
11158634
11158581
11158044
11158041
11157792
11157246
11156622
11156499
11155787
11155369
11155141
11155029
11154406
11154405
11154376
11154363
11152366
11151779
11151547
11151204
11150603
11150389
11148333
11148157
11147820
11147816
11147815
11147812
11147531
11146647
11146645
11145659
11144738
11144700
